2 0.67109375 0.5334507042253521 0.0765625 0.15140845070422534
2 0.7419270833333333 0.2323943661971831 0.049479166666666664 0.11267605633802817
2 0.8057291666666666 0.28110328638497656 0.042708333333333334 0.08568075117370892
2 0.8328125 0.2359154929577465 0.035416666666666666 0.0539906103286385
2 0.20078125 0.5921361502347418 0.07552083333333333 0.14906103286384978
2 0.7703125 0.852699530516432 0.11562499999999999 0.17018779342723006
2 0.7588541666666666 0.3761737089201878 0.05520833333333333 0.10211267605633803
1 0.8763020833333334 0.3116197183098592 0.018229166666666668 0.06924882629107981
1 0.6924479166666666 0.3086854460093897 0.018229166666666668 0.06572769953051644
1 0.22734374999999998 0.471830985915493 0.043229166666666666 0.06807511737089202
1 0.8473958333333333 0.49589201877934275 0.029166666666666667 0.09976525821596244
1 0.809375 0.7071596244131455 0.03229166666666666 0.11384976525821597
1 0.9223958333333333 0.7171361502347418 0.04583333333333333 0.1431924882629108
1 0.9328124999999999 0.4823943661971831 0.029166666666666667 0.11267605633802817
1 0.8924479166666667 0.44190140845070425 0.0234375 0.09741784037558686
1 0.9713541666666666 0.4665492957746479 0.028125 0.09272300469483569
1 0.7776041666666667 0.25821596244131456 0.0125 0.07042253521126761
