1 0.16171875 0.5041079812206573 0.028645833333333332 0.09741784037558686
1 0.17005208333333333 0.4084507042253521 0.0328125 0.08215962441314555
1 0.17552083333333332 0.7118544600938967 0.03229166666666666 0.13497652582159625
1 0.9286458333333333 0.7071596244131455 0.030208333333333334 0.15375586854460094
1 0.8455729166666667 0.6120892018779343 0.024479166666666666 0.1279342723004695
1 0.87734375 0.4565727699530516 0.0203125 0.0892018779342723
1 0.8395833333333333 0.4055164319248826 0.020833333333333332 0.07629107981220658
1 0.9557291666666666 0.562793427230047 0.028125 0.11384976525821597
1 0.9369791666666667 0.45305164319248825 0.021875 0.09389671361502347
1 0.87890625 0.3227699530516432 0.011979166666666666 0.056338028169014086
4 0.809375 0.27699530516431925 0.046875 0.15023474178403756
2 0.2640625 0.6150234741784038 0.08229166666666667 0.13145539906103287
2 0.7078125 0.22417840375586856 0.053125 0.07746478873239437
2 0.8505208333333333 0.20363849765258216 0.0375 0.07629107981220658
2 0.83984375 0.12969483568075119 0.044270833333333336 0.045774647887323945
3 0.7177083333333333 0.4014084507042254 0.075 0.23004694835680753
