1 0.7817708333333333 0.48063380281690143 0.01875 0.09741784037558686
1 0.7385416666666667 0.4847417840375587 0.027083333333333334 0.09389671361502347
1 0.9091145833333333 0.5880281690140845 0.015104166666666667 0.10093896713615023
1 0.8546874999999999 0.27523474178403756 0.01875 0.04812206572769953
1 0.85 0.22417840375586856 0.009375 0.04460093896713615
1 0.8296875 0.20305164319248828 0.007291666666666667 0.035211267605633804
1 0.8002604166666667 0.21009389671361503 0.009895833333333333 0.03990610328638498
1 0.8200520833333333 0.16490610328638497 0.0109375 0.04342723004694836
1 0.8809895833333333 0.18427230046948356 0.009895833333333333 0.03990610328638498
2 0.20364583333333333 0.2805164319248826 0.08645833333333333 0.05868544600938967
2 0.178125 0.8280516431924883 0.10208333333333333 0.16549295774647887
