1 0.7609375 0.539906103286385 0.030208333333333334 0.12206572769953052
1 0.16354166666666667 0.7306338028169014 0.029166666666666667 0.1279342723004695
1 0.09895833333333333 0.4782863849765258 0.03125 0.045774647887323945
1 0.8177083333333334 0.6473004694835681 0.036458333333333336 0.09272300469483569
1 0.9192708333333334 0.6977699530516432 0.05 0.11854460093896714
1 0.8833333333333333 0.8303990610328639 0.042708333333333334 0.09272300469483569
1 0.8513020833333333 0.27699530516431925 0.0203125 0.051643192488262914
1 0.8986979166666667 0.38380281690140844 0.0265625 0.08685446009389672
1 0.8158854166666667 0.2517605633802817 0.0171875 0.036384976525821594
1 0.8088541666666667 0.20363849765258216 0.016666666666666666 0.0528169014084507
1 0.8291666666666666 0.19307511737089203 0.014583333333333334 0.04107981220657277
1 0.8666666666666667 0.21244131455399062 0.009375 0.04460093896713615
2 0.6611979166666666 0.5041079812206573 0.09010416666666667 0.15375586854460094
2 0.7174479166666666 0.2681924882629108 0.050520833333333334 0.08098591549295775
2 0.7411458333333333 0.20950704225352113 0.03333333333333333 0.03873239436619719
2 0.8830729166666667 0.12030516431924883 0.019270833333333334 0.03873239436619719
