1 0.9197916666666667 0.6050469483568075 0.035416666666666666 0.1255868544600939
1 0.9526041666666667 0.7740610328638498 0.027083333333333334 0.1279342723004695
1 0.9809895833333333 0.6431924882629109 0.0265625 0.11267605633802817
1 0.8921875 0.4301643192488263 0.026041666666666668 0.07863849765258216
1 0.8700520833333333 0.34917840375586856 0.025520833333333333 0.08098591549295775
1 0.8919270833333334 0.3403755868544601 0.021354166666666667 0.05868544600938967
1 0.9096354166666667 0.2834507042253521 0.019270833333333334 0.0528169014084507
1 0.30390625 0.5387323943661972 0.03177083333333333 0.08685446009389672
2 0.19296875 0.5592723004694836 0.059895833333333336 0.1068075117370892
2 0.8312499999999999 0.3098591549295775 0.0375 0.08685446009389672
2 0.7994791666666666 0.215962441314554 0.020833333333333332 0.046948356807511735
2 0.8739583333333333 0.22183098591549297 0.03229166666666666 0.056338028169014086
2 0.85234375 0.16960093896713616 0.024479166666666666 0.02699530516431925
3 0.8252604166666666 0.5980046948356808 0.0890625 0.3392018779342723
4 0.69609375 0.41725352112676056 0.08697916666666666 0.21948356807511737
2 0.5109375 0.5886150234741784 0.096875 0.15610328638497653
