1 0.296875 0.5446009389671361 0.04479166666666667 0.08685446009389672
1 0.91953125 0.5903755868544601 0.03177083333333333 0.09154929577464789
1 0.9510416666666667 0.7764084507042254 0.028125 0.09976525821596244
1 0.98125 0.6267605633802817 0.019791666666666666 0.12206572769953052
1 0.8932291666666666 0.4507042253521127 0.016666666666666666 0.06807511737089202
1 0.8684895833333334 0.3550469483568075 0.015104166666666667 0.0715962441314554
1 0.8934895833333333 0.3427230046948357 0.01614583333333333 0.0539906103286385
1 0.8510416666666667 0.2564553990610329 0.017708333333333333 0.05516431924882629
2 0.7942708333333334 0.22124413145539906 0.027083333333333334 0.05046948356807512
2 0.8322916666666667 0.29812206572769956 0.034375 0.051643192488262914
2 0.8763020833333334 0.21009389671361503 0.03802083333333333 0.05868544600938967
2 0.85390625 0.1625586854460094 0.0265625 0.04107981220657277
2 0.19348958333333333 0.5516431924882629 0.06614583333333333 0.09389671361502347
3 0.8315104166666667 0.6267605633802817 0.0921875 0.36619718309859156
4 0.6955729166666667 0.42664319248826293 0.0765625 0.20305164319248828
2 0.5036458333333333 0.5974178403755869 0.08229166666666667 0.15258215962441316
