1 0.5848958333333333 0.3744131455399061 0.02395833333333333 0.06338028169014084
1 0.24687499999999998 0.6496478873239436 0.030208333333333334 0.1068075117370892
1 0.3026041666666667 0.6754694835680751 0.05 0.11384976525821597
1 0.23880208333333333 0.528755868544601 0.028645833333333332 0.06455399061032864
1 0.19635416666666666 0.562793427230047 0.03229166666666666 0.08802816901408451
1 0.1046875 0.4835680751173709 0.03333333333333333 0.04929577464788733
1 0.8411458333333334 0.8403755868544601 0.03333333333333333 0.13145539906103287
1 0.9072916666666666 0.8456572769953051 0.03854166666666667 0.12089201877934272
1 0.9765625 0.812793427230047 0.03958333333333333 0.12089201877934272
1 0.8622395833333333 0.6244131455399061 0.028645833333333332 0.10328638497652583
1 0.9109375 0.5328638497652582 0.01875 0.08685446009389672
1 0.8783854166666667 0.4536384976525822 0.019270833333333334 0.09741784037558686
1 0.8611979166666667 0.34800469483568075 0.01614583333333333 0.06455399061032864
1 0.8736979166666666 0.301056338028169 0.0109375 0.05985915492957747
1 0.8674479166666667 0.20715962441314553 0.01614583333333333 0.04342723004694836
2 0.80234375 0.38380281690140844 0.0515625 0.107981220657277
2 0.7473958333333334 0.25 0.03125 0.051643192488262914
2 0.8330729166666666 0.19483568075117372 0.024479166666666666 0.056338028169014086
4 0.6518229166666667 0.6437793427230047 0.1390625 0.2664319248826291
4 0.6825520833333333 0.31220657276995306 0.06614583333333333 0.1643192488262911
