1 0.89921875 0.30164319248826293 0.018229166666666668 0.05868544600938967
1 0.8916666666666666 0.4137323943661972 0.021875 0.08333333333333333
1 0.9229166666666666 0.6056338028169014 0.028125 0.11032863849765258
1 0.97265625 0.778169014084507 0.027604166666666666 0.1267605633802817
1 0.18098958333333334 0.5698356807511737 0.03177083333333333 0.08568075117370892
2 0.8026041666666667 0.306924882629108 0.042708333333333334 0.07863849765258216
2 0.8236979166666667 0.465962441314554 0.0609375 0.11267605633802817
2 0.6916666666666667 0.4859154929577465 0.084375 0.1619718309859155
2 0.8213541666666666 0.7059859154929577 0.08645833333333333 0.20305164319248828
4 0.59296875 0.3943661971830986 0.09635416666666667 0.16901408450704225
4 0.8315104166666667 0.18955399061032865 0.043229166666666666 0.1091549295774648
2 0.6161458333333333 0.7488262910798122 0.11875 0.2112676056338028
