1 0.28854166666666664 0.5522300469483569 0.03333333333333333 0.08098591549295775
1 0.22734374999999998 0.5217136150234742 0.04114583333333333 0.08333333333333333
1 0.16953125 0.6995305164319249 0.034895833333333334 0.107981220657277
1 0.14973958333333334 0.49295774647887325 0.033854166666666664 0.07042253521126761
1 0.14140625 0.4242957746478873 0.019270833333333334 0.05751173708920188
1 0.865625 0.812793427230047 0.03125 0.1443661971830986
1 0.9260416666666667 0.6103286384976526 0.026041666666666668 0.09859154929577466
1 0.9729166666666667 0.6238262910798122 0.029166666666666667 0.1091549295774648
1 0.83359375 0.5545774647887324 0.027604166666666666 0.07629107981220658
1 0.8049479166666667 0.4471830985915493 0.0203125 0.07511737089201878
1 0.8578125 0.3902582159624413 0.015625 0.07394366197183098
1 0.88828125 0.42664319248826293 0.0234375 0.062206572769953054
1 0.9208333333333333 0.41901408450704225 0.027083333333333334 0.06807511737089202
1 0.9658854166666666 0.4295774647887324 0.0234375 0.07746478873239437
1 0.8361979166666667 0.31572769953051644 0.015104166666666667 0.0539906103286385
1 0.8140625 0.34330985915492956 0.016666666666666666 0.06690140845070423
1 0.7880208333333333 0.29988262910798125 0.01875 0.04812206572769953
1 0.8013020833333333 0.2634976525821596 0.011979166666666666 0.04812206572769953
1 0.8864583333333333 0.3204225352112676 0.020833333333333332 0.051643192488262914
4 0.6994791666666667 0.29636150234741787 0.051041666666666666 0.12323943661971831
4 0.7609375 0.17194835680751175 0.04375 0.10211267605633803
