1 0.28802083333333334 0.5522300469483569 0.03125 0.09272300469483569
1 0.21588541666666666 0.5146713615023474 0.028645833333333332 0.07863849765258216
1 0.14453125 0.4876760563380282 0.0296875 0.08802816901408451
1 0.14036458333333332 0.431924882629108 0.0234375 0.056338028169014086
1 0.17265625 0.6895539906103286 0.028645833333333332 0.10211267605633803
1 0.8348958333333333 0.5604460093896714 0.020833333333333332 0.09741784037558686
1 0.9289062499999999 0.6161971830985916 0.025520833333333333 0.10328638497652583
1 0.9734375 0.6314553990610329 0.022916666666666665 0.11737089201877934
1 0.8606770833333334 0.7963615023474179 0.027604166666666666 0.13497652582159625
1 0.8015625 0.43603286384976525 0.017708333333333333 0.09741784037558686
1 0.9236979166666667 0.42370892018779344 0.0234375 0.07981220657276995
1 0.8911458333333333 0.4278169014084507 0.019791666666666666 0.06924882629107981
1 0.9640624999999999 0.42136150234741787 0.02395833333333333 0.08450704225352113
1 0.86171875 0.3814553990610329 0.0171875 0.07511737089201878
1 0.8348958333333333 0.30927230046948356 0.020833333333333332 0.06455399061032864
1 0.8125 0.33861502347417843 0.017708333333333333 0.05751173708920188
1 0.7875 0.3022300469483568 0.017708333333333333 0.0528169014084507
1 0.88828125 0.3245305164319249 0.0140625 0.07394366197183098
2 0.22734374999999998 0.272887323943662 0.07447916666666667 0.05516431924882629
4 0.6971354166666667 0.2992957746478873 0.0484375 0.11737089201877934
4 0.75625 0.181924882629108 0.05416666666666667 0.08685446009389672
