1 0.7885416666666667 0.34624413145539906 0.022916666666666665 0.056338028169014086
1 0.85546875 0.8403755868544601 0.03802083333333333 0.12206572769953052
1 0.92421875 0.7494131455399061 0.03177083333333333 0.13497652582159625
1 0.8190104166666666 0.7142018779342724 0.0328125 0.10446009389671362
1 0.15729166666666666 0.7816901408450705 0.026041666666666668 0.12206572769953052
1 0.8669270833333333 0.5903755868544601 0.028645833333333332 0.09624413145539906
1 0.9171874999999999 0.6179577464788732 0.025 0.0903755868544601
1 0.9184895833333333 0.5176056338028169 0.015104166666666667 0.07511737089201878
1 0.9453125 0.4876760563380282 0.01875 0.09272300469483569
1 0.8817708333333333 0.4677230046948357 0.03125 0.07394366197183098
1 0.8325520833333333 0.45774647887323944 0.022395833333333334 0.07511737089201878
1 0.8294270833333334 0.3779342723004695 0.0265625 0.051643192488262914
1 0.8184895833333333 0.27406103286384975 0.01614583333333333 0.05516431924882629
1 0.8908854166666667 0.40199530516431925 0.018229166666666668 0.05046948356807512
1 0.7770833333333333 0.26115023474178406 0.014583333333333334 0.05516431924882629
2 0.68359375 0.3773474178403756 0.058854166666666666 0.08568075117370892
2 0.17682291666666666 0.5017605633802817 0.09322916666666667 0.1091549295774648
2 0.8729166666666667 0.3380281690140845 0.04479166666666667 0.07042253521126761
2 0.7666666666666666 0.19483568075117372 0.03229166666666666 0.051643192488262914
3 0.7640625 0.545774647887324 0.09270833333333334 0.2136150234741784
