1 0.8203125 0.2875586854460094 0.016666666666666666 0.056338028169014086
1 0.7911458333333333 0.6126760563380281 0.019791666666666666 0.11737089201877934
1 0.9010416666666666 0.4272300469483568 0.016666666666666666 0.07746478873239437
1 0.9421875 0.8028169014084507 0.041666666666666664 0.1431924882629108
1 0.32526041666666666 0.6561032863849765 0.0359375 0.11971830985915494
1 0.16666666666666666 0.4694835680751174 0.026041666666666668 0.08685446009389672
1 0.7979166666666666 0.23708920187793428 0.014583333333333334 0.06807511737089202
1 0.7723958333333333 0.22359154929577466 0.011458333333333333 0.0528169014084507
1 0.9052083333333333 0.3345070422535211 0.01875 0.07511737089201878
2 0.8286458333333333 0.4671361502347418 0.0625 0.13615023474178403
2 0.5901041666666667 0.7253521126760564 0.10208333333333333 0.23004694835680753
2 0.20963541666666666 0.6056338028169014 0.07864583333333333 0.12441314553990611
2 0.8591145833333333 0.22946009389671362 0.0328125 0.045774647887323945
2 0.8942708333333333 0.27523474178403756 0.05520833333333333 0.0903755868544601
4 0.6557291666666667 0.24706572769953053 0.06770833333333333 0.11150234741784038
3 0.7606770833333333 0.1643192488262911 0.04739583333333333 0.07511737089201878
