1 0.7700520833333333 0.49295774647887325 0.019270833333333334 0.10093896713615023
1 0.8557291666666667 0.43427230046948356 0.025 0.09389671361502347
1 0.9002604166666667 0.4460093896713615 0.021354166666666667 0.09154929577464789
1 0.9265625 0.562793427230047 0.025 0.09272300469483569
1 0.9299479166666667 0.7188967136150235 0.027604166666666666 0.1068075117370892
1 0.8463541666666666 0.7852112676056339 0.026041666666666668 0.1431924882629108
1 0.7817708333333333 0.7834507042253521 0.026041666666666668 0.11854460093896714
1 0.7276041666666666 0.38380281690140844 0.01875 0.07746478873239437
1 0.2856770833333333 0.5140845070422535 0.021354166666666667 0.08215962441314555
1 0.23828125 0.46009389671361506 0.0296875 0.05868544600938967
1 0.8622395833333333 0.32805164319248825 0.0140625 0.05046948356807512
1 0.8403645833333333 0.3004694835680751 0.015104166666666667 0.06103286384976526
1 0.8895833333333333 0.29636150234741787 0.011458333333333333 0.08098591549295775
1 0.8114583333333333 0.25880281690140844 0.011458333333333333 0.05046948356807512
2 0.7111979166666667 0.2881455399061033 0.04114583333333333 0.0715962441314554
2 0.79453125 0.3515258215962441 0.04114583333333333 0.06690140845070423
2 0.14322916666666666 0.4524647887323944 0.07291666666666667 0.09507042253521127
2 0.73046875 0.1965962441314554 0.033854166666666664 0.04107981220657277
2 0.8520833333333333 0.22417840375586856 0.034375 0.056338028169014086
2 0.8018229166666666 0.2312206572769953 0.0359375 0.046948356807511735
3 0.646875 0.26467136150234744 0.06145833333333333 0.08568075117370892
