1 0.81484375 0.2007042253521127 0.011979166666666666 0.04929577464788733
1 0.79453125 0.2946009389671362 0.0171875 0.06807511737089202
1 0.16588541666666667 0.3767605633802817 0.028645833333333332 0.06103286384976526
1 0.13385416666666666 0.40669014084507044 0.021875 0.06455399061032864
1 0.87890625 0.3198356807511737 0.01614583333333333 0.06455399061032864
1 0.9388020833333334 0.5146713615023474 0.01614583333333333 0.0715962441314554
2 0.8421875 0.4876760563380282 0.052083333333333336 0.13262910798122066
2 0.34010416666666665 0.8568075117370892 0.17291666666666666 0.13380281690140847
2 0.21614583333333334 0.5369718309859155 0.0875 0.09272300469483569
4 0.8541666666666666 0.23180751173708922 0.042708333333333334 0.0715962441314554
