1 0.9385416666666666 0.5164319248826291 0.026041666666666668 0.10093896713615023
1 0.8708333333333333 0.31220657276995306 0.01875 0.06807511737089202
1 0.90234375 0.25880281690140844 0.015104166666666667 0.062206572769953054
1 0.7971354166666667 0.3004694835680751 0.0171875 0.056338028169014086
2 0.728125 0.21185446009389672 0.03958333333333333 0.0528169014084507
2 0.8401041666666667 0.47300469483568075 0.06145833333333333 0.15492957746478875
2 0.22291666666666665 0.5416666666666666 0.06041666666666667 0.1091549295774648
2 0.3502604166666667 0.8626760563380282 0.1796875 0.1643192488262911
2 0.7143229166666667 0.15375586854460094 0.034895833333333334 0.03286384976525822
4 0.8580729166666666 0.22652582159624413 0.04010416666666666 0.0892018779342723
