1 0.1703125 0.4818075117370892 0.03229166666666666 0.09976525821596244
1 0.2359375 0.5762910798122066 0.027083333333333334 0.08215962441314555
1 0.8143229166666667 0.38028169014084506 0.015104166666666667 0.06807511737089202
1 0.9010416666666666 0.31514084507042256 0.011458333333333333 0.06690140845070423
1 0.93828125 0.5821596244131455 0.0171875 0.09624413145539906
1 0.8596354166666667 0.18251173708920188 0.009895833333333333 0.04342723004694836
2 0.7890625 0.24530516431924884 0.040625 0.07511737089201878
2 0.76953125 0.17077464788732394 0.03177083333333333 0.07394366197183098
2 0.83203125 0.1596244131455399 0.021354166666666667 0.051643192488262914
2 0.16380208333333332 0.8755868544600939 0.12760416666666666 0.08450704225352113
