1 0.19427083333333334 0.6226525821596244 0.036458333333333336 0.10211267605633803
1 0.16484375 0.5093896713615024 0.0359375 0.107981220657277
1 0.128125 0.43427230046948356 0.01875 0.06103286384976526
1 0.7140625 0.7652582159624414 0.035416666666666666 0.12441314553990611
1 0.95 0.8544600938967136 0.0375 0.10093896713615023
1 0.9424479166666666 0.710680751173709 0.03802083333333333 0.10211267605633803
1 0.8950520833333333 0.5123239436619719 0.028645833333333332 0.12089201877934272
1 0.9421875 0.44014084507042256 0.01875 0.0892018779342723
2 0.6739583333333333 0.5199530516431925 0.06354166666666666 0.12206572769953052
2 0.834375 0.3914319248826291 0.05416666666666667 0.0903755868544601
4 0.7356770833333334 0.22887323943661972 0.0515625 0.11502347417840376
4 0.82109375 0.284037558685446 0.043229166666666666 0.13380281690140847
4 0.8752604166666667 0.1426056338028169 0.049479166666666664 0.08098591549295775
2 0.34765625 0.8215962441314554 0.15885416666666666 0.18544600938967137
