1 0.7177083333333333 0.7664319248826291 0.02395833333333333 0.13849765258215962
1 0.9390625 0.7265258215962441 0.030208333333333334 0.13849765258215962
1 0.9484374999999999 0.8597417840375587 0.030208333333333334 0.0903755868544601
1 0.8994791666666666 0.5252347417840376 0.022916666666666665 0.09272300469483569
1 0.9367187499999999 0.4301643192488263 0.022395833333333334 0.0903755868544601
1 0.19401041666666666 0.6208920187793427 0.0296875 0.0892018779342723
1 0.16458333333333333 0.5140845070422535 0.035416666666666666 0.09859154929577466
1 0.13177083333333334 0.4442488262910798 0.026041666666666668 0.03873239436619719
2 0.6713541666666667 0.5164319248826291 0.06458333333333333 0.1056338028169014
2 0.834375 0.397887323943662 0.051041666666666666 0.09154929577464789
2 0.34453125 0.8210093896713615 0.17239583333333333 0.2147887323943662
4 0.821875 0.2664319248826291 0.04791666666666666 0.13615023474178403
4 0.73125 0.2282863849765258 0.06041666666666667 0.11854460093896714
4 0.8723958333333334 0.14143192488262912 0.034375 0.09976525821596244
