1 0.6153645833333333 0.43603286384976525 0.0203125 0.06455399061032864
1 0.8986979166666667 0.5933098591549296 0.0296875 0.11619718309859155
1 0.8825520833333333 0.8333333333333334 0.030729166666666665 0.1267605633802817
1 0.8346354166666666 0.43838028169014087 0.018229166666666668 0.08568075117370892
1 0.9054687499999999 0.3873239436619718 0.0109375 0.06807511737089202
2 0.70703125 0.35211267605633806 0.0546875 0.07276995305164319
2 0.79453125 0.18955399061032865 0.0265625 0.04812206572769953
2 0.8234374999999999 0.1467136150234742 0.029166666666666667 0.04929577464788733
2 0.19817708333333334 0.4970657276995305 0.07135416666666666 0.0903755868544601
2 0.3893229166666667 0.8632629107981221 0.1390625 0.1279342723004695
