1 0.7541666666666667 0.4348591549295775 0.027083333333333334 0.07863849765258216
1 0.8419270833333333 0.6467136150234742 0.022395833333333334 0.1267605633802817
1 0.9380208333333333 0.6132629107981221 0.01875 0.08802816901408451
1 0.9450520833333333 0.43603286384976525 0.01614583333333333 0.10211267605633803
1 0.9010416666666666 0.41901408450704225 0.026041666666666668 0.07042253521126761
1 0.9020833333333333 0.3268779342723005 0.01875 0.06455399061032864
2 0.17994791666666665 0.4835680751173709 0.08072916666666667 0.10093896713615023
2 0.8721354166666666 0.2887323943661972 0.030729166666666665 0.05868544600938967
2 0.8197916666666667 0.3796948356807512 0.06145833333333333 0.09741784037558686
2 0.7473958333333334 0.20363849765258216 0.036458333333333336 0.04107981220657277
4 0.7075520833333333 0.2946009389671362 0.0796875 0.13849765258215962
3 0.8122395833333333 0.2640845070422535 0.04739583333333333 0.11267605633802817
4 0.5677083333333334 0.8644366197183099 0.203125 0.14906103286384978
