1 0.8468749999999999 0.642018779342723 0.02395833333333333 0.15258215962441316
1 0.934375 0.6179577464788732 0.025 0.10446009389671362
1 0.9434895833333333 0.4348591549295775 0.01614583333333333 0.08098591549295775
1 0.9015624999999999 0.4119718309859155 0.019791666666666666 0.07042253521126761
1 0.7544270833333333 0.4278169014084507 0.025520833333333333 0.06455399061032864
2 0.81484375 0.38204225352112675 0.05677083333333333 0.1068075117370892
2 0.8736979166666666 0.29636150234741787 0.0328125 0.06690140845070423
2 0.17708333333333334 0.4735915492957747 0.08125 0.1068075117370892
4 0.7020833333333333 0.3057511737089202 0.071875 0.12323943661971831
3 0.8078124999999999 0.2664319248826291 0.071875 0.11971830985915494
4 0.58515625 0.8415492957746479 0.22760416666666666 0.17136150234741784
