1 0.9229166666666666 0.5023474178403756 0.026041666666666668 0.09389671361502347
1 0.9445312499999999 0.4677230046948357 0.019270833333333334 0.09272300469483569
1 0.9182291666666667 0.40962441314553993 0.01875 0.07981220657276995
1 0.8942708333333333 0.2934272300469484 0.0125 0.07276995305164319
2 0.7044270833333334 0.3392018779342723 0.0484375 0.0892018779342723
2 0.7234375 0.24119718309859156 0.04583333333333333 0.07629107981220658
2 0.80859375 0.1613849765258216 0.030729166666666665 0.03873239436619719
2 0.54453125 0.2142018779342723 0.06510416666666667 0.05516431924882629
4 0.8096354166666666 0.36326291079812206 0.07447916666666667 0.2007042253521127
4 0.7450520833333333 0.6854460093896714 0.10885416666666667 0.3051643192488263
2 0.8994791666666666 0.8515258215962441 0.11458333333333333 0.16549295774647887
