1 0.8395833333333333 0.5357981220657277 0.020833333333333332 0.08333333333333333
1 0.8109375 0.642018779342723 0.030208333333333334 0.10093896713615023
1 0.7708333333333334 0.8333333333333334 0.035416666666666666 0.12910798122065728
1 0.75078125 0.5369718309859155 0.019270833333333334 0.08568075117370892
1 0.6388020833333333 0.6214788732394366 0.0328125 0.10446009389671362
1 0.8854166666666666 0.573943661971831 0.022916666666666665 0.0892018779342723
1 0.9679687499999999 0.6742957746478874 0.0328125 0.0903755868544601
1 0.8888020833333333 0.47769953051643194 0.021354166666666667 0.07746478873239437
1 0.8869791666666667 0.3515258215962441 0.016666666666666666 0.06690140845070423
1 0.24973958333333332 0.6379107981220657 0.025520833333333333 0.10446009389671362
1 0.18802083333333333 0.585093896713615 0.025 0.08568075117370892
1 0.14713541666666666 0.517018779342723 0.028645833333333332 0.07394366197183098
1 0.14010416666666667 0.4395539906103286 0.02395833333333333 0.06924882629107981
1 0.20911458333333333 0.409037558685446 0.0265625 0.06455399061032864
1 0.2203125 0.49178403755868544 0.027083333333333334 0.06572769953051644
2 0.803125 0.1960093896713615 0.035416666666666666 0.05868544600938967
4 0.8473958333333333 0.14612676056338028 0.042708333333333334 0.08098591549295775
