1 0.9010416666666666 0.5146713615023474 0.021875 0.08098591549295775
1 0.9354166666666667 0.4284037558685446 0.02395833333333333 0.09624413145539906
1 0.7401041666666667 0.488849765258216 0.016666666666666666 0.0903755868544601
1 0.7348958333333333 0.357981220657277 0.020833333333333332 0.0539906103286385
1 0.88671875 0.4196009389671362 0.021354166666666667 0.06924882629107981
1 0.9768229166666667 0.8462441314553991 0.034895833333333334 0.1431924882629108
2 0.8203125 0.18544600938967137 0.030208333333333334 0.04225352112676056
2 0.890625 0.2112676056338028 0.03333333333333333 0.06103286384976526
2 0.7877604166666666 0.7147887323943662 0.08072916666666667 0.20657276995305165
2 0.2203125 0.5874413145539906 0.06770833333333333 0.11854460093896714
2 0.24427083333333333 0.886737089201878 0.15729166666666666 0.08568075117370892
3 0.8005208333333333 0.30927230046948356 0.06145833333333333 0.1068075117370892
