1 0.7471354166666666 0.3785211267605634 0.0234375 0.0528169014084507
1 0.8736979166666666 0.590962441314554 0.027604166666666666 0.09741784037558686
1 0.92265625 0.6073943661971831 0.0265625 0.09741784037558686
1 0.9309895833333334 0.7640845070422535 0.033854166666666664 0.12910798122065728
1 0.86875 0.471830985915493 0.015625 0.07746478873239437
1 0.9049479166666666 0.40610328638497656 0.018229166666666668 0.06572769953051644
2 0.7828125 0.20246478873239437 0.034375 0.04342723004694836
2 0.8328125 0.38028169014084506 0.042708333333333334 0.10093896713615023
2 0.51171875 0.5487089201877935 0.1046875 0.11619718309859155
2 0.33203125 0.8761737089201879 0.11822916666666666 0.09507042253521127
2 0.79296875 0.8403755868544601 0.1140625 0.17370892018779344
2 0.8072916666666666 0.15023474178403756 0.042708333333333334 0.04225352112676056
