1 0.6247395833333333 0.443075117370892 0.021354166666666667 0.08568075117370892
1 0.82890625 0.4835680751173709 0.0234375 0.07511737089201878
1 0.8903645833333333 0.47476525821596244 0.0234375 0.08802816901408451
1 0.9309895833333334 0.5868544600938967 0.030729166666666665 0.10328638497652583
1 0.8619791666666666 0.38321596244131456 0.019791666666666666 0.07394366197183098
1 0.93515625 0.43720657276995306 0.015104166666666667 0.08802816901408451
2 0.7591145833333334 0.20363849765258216 0.03177083333333333 0.04107981220657277
2 0.853125 0.15492957746478875 0.020833333333333332 0.03990610328638498
2 0.8403645833333333 0.6690140845070423 0.0765625 0.1971830985915493
2 0.5721354166666667 0.6696009389671361 0.11197916666666667 0.13262910798122066
2 0.6950520833333333 0.3785211267605634 0.05572916666666666 0.1068075117370892
2 0.5916666666666667 0.19190140845070422 0.04791666666666666 0.05046948356807512
4 0.17395833333333333 0.7834507042253521 0.21875 0.25704225352112675
4 0.7796875 0.3456572769953052 0.06354166666666666 0.18661971830985916
4 0.7140625 0.25938967136150237 0.058333333333333334 0.09624413145539906
2 0.8645833333333334 0.2323943661971831 0.042708333333333334 0.06103286384976526
2 0.8671875 0.30633802816901406 0.042708333333333334 0.07746478873239437
