1 0.9315104166666667 0.4454225352112676 0.021354166666666667 0.08333333333333333
1 0.8890625 0.45774647887323944 0.016666666666666666 0.07981220657276995
1 0.8588541666666667 0.38673708920187794 0.021875 0.07863849765258216
1 0.8286458333333333 0.4894366197183099 0.02395833333333333 0.07511737089201878
1 0.928125 0.5803990610328639 0.029166666666666667 0.06924882629107981
2 0.8328125 0.6613849765258216 0.08020833333333333 0.1936619718309859
2 0.5658854166666667 0.6748826291079812 0.12343749999999999 0.1643192488262911
2 0.6966145833333334 0.363849765258216 0.06197916666666667 0.09624413145539906
2 0.5880208333333333 0.18896713615023475 0.058333333333333334 0.046948356807511735
2 0.7565104166666666 0.20481220657276997 0.0296875 0.036384976525821594
2 0.8700520833333333 0.31514084507042256 0.0484375 0.06690140845070423
2 0.8630208333333333 0.2347417840375587 0.041666666666666664 0.056338028169014086
2 0.8606770833333334 0.1965962441314554 0.033854166666666664 0.04107981220657277
4 0.7796875 0.3444835680751174 0.06354166666666666 0.16549295774647887
4 0.7138020833333333 0.2605633802816901 0.0453125 0.09389671361502347
4 0.16302083333333334 0.8086854460093897 0.18020833333333333 0.23943661971830987
