1 0.65234375 0.4184272300469484 0.022395833333333334 0.0715962441314554
1 0.7294270833333333 0.5205399061032864 0.028645833333333332 0.08098591549295775
1 0.65390625 0.8380281690140845 0.04010416666666666 0.1267605633802817
1 0.6041666666666666 0.7235915492957746 0.03333333333333333 0.10211267605633803
1 0.8369791666666666 0.6467136150234742 0.019791666666666666 0.1056338028169014
1 0.9294270833333333 0.7001173708920188 0.0296875 0.10211267605633803
1 0.9348958333333334 0.4313380281690141 0.019791666666666666 0.08568075117370892
1 0.8416666666666667 0.2529342723004695 0.019791666666666666 0.05751173708920188
1 0.6739583333333333 0.27816901408450706 0.015625 0.0539906103286385
1 0.6497395833333334 0.25880281690140844 0.013020833333333334 0.04812206572769953
1 0.7005208333333334 0.2183098591549296 0.017708333333333333 0.051643192488262914
2 0.7986979166666667 0.2623239436619718 0.03802083333333333 0.062206572769953054
2 0.7979166666666666 0.20246478873239437 0.022916666666666665 0.0528169014084507
2 0.8333333333333334 0.17370892018779344 0.029166666666666667 0.046948356807511735
2 0.8854166666666666 0.26115023474178406 0.0375 0.062206572769953054
2 0.8778645833333333 0.20657276995305165 0.0328125 0.0539906103286385
2 0.7315104166666666 0.23708920187793428 0.03802083333333333 0.06807511737089202
4 0.82890625 0.4154929577464789 0.0765625 0.19483568075117372
4 0.7700520833333333 0.16607981220657278 0.034895833333333334 0.0903755868544601
