1 0.84453125 0.2693661971830986 0.0140625 0.05751173708920188
1 0.83671875 0.6408450704225352 0.034895833333333334 0.11971830985915494
1 0.9289062499999999 0.7001173708920188 0.0359375 0.1068075117370892
1 0.7302083333333333 0.5275821596244131 0.026041666666666668 0.09741784037558686
1 0.653125 0.8368544600938967 0.04791666666666666 0.13615023474178403
1 0.5973958333333333 0.7253521126760564 0.035416666666666666 0.12441314553990611
1 0.6544270833333333 0.4196009389671362 0.021354166666666667 0.05751173708920188
1 0.6729166666666666 0.2822769953051643 0.016666666666666666 0.07394366197183098
1 0.653125 0.2634976525821596 0.014583333333333334 0.05751173708920188
1 0.69765625 0.22124413145539906 0.011979166666666666 0.05985915492957747
1 0.9317708333333333 0.4284037558685446 0.019791666666666666 0.08215962441314555
2 0.79765625 0.2652582159624413 0.03177083333333333 0.06807511737089202
2 0.8036458333333333 0.198943661971831 0.027083333333333334 0.04342723004694836
2 0.8299479166666667 0.17253521126760563 0.022395833333333334 0.046948356807511735
2 0.89296875 0.25997652582159625 0.049479166666666664 0.07863849765258216
2 0.8776041666666666 0.20598591549295775 0.03333333333333333 0.036384976525821594
2 0.7307291666666667 0.22887323943661972 0.034375 0.056338028169014086
1 0.13776041666666666 0.47417840375586856 0.0421875 0.07276995305164319
4 0.8315104166666667 0.41607981220657275 0.0765625 0.21009389671361503
