1 0.8463541666666666 0.681924882629108 0.035416666666666666 0.11502347417840376
1 0.90390625 0.6983568075117371 0.033854166666666664 0.12910798122065728
1 0.9289062499999999 0.8427230046948357 0.0359375 0.14084507042253522
1 0.903125 0.5580985915492958 0.021875 0.0715962441314554
1 0.87890625 0.46009389671361506 0.019270833333333334 0.07981220657276995
1 0.8401041666666667 0.49178403755868544 0.029166666666666667 0.09624413145539906
1 0.8479166666666667 0.4295774647887324 0.022916666666666665 0.051643192488262914
1 0.6479166666666667 0.5586854460093896 0.03333333333333333 0.09624413145539906
1 0.75859375 0.3961267605633803 0.0265625 0.09976525821596244
1 0.7848958333333333 0.34330985915492956 0.019791666666666666 0.06924882629107981
1 0.8114583333333333 0.33039906103286387 0.020833333333333332 0.062206572769953054
1 0.84375 0.31396713615023475 0.035416666666666666 0.07629107981220658
1 0.9091145833333333 0.33392018779342725 0.018229166666666668 0.06924882629107981
1 0.7854166666666667 0.26760563380281693 0.014583333333333334 0.04460093896713615
2 0.7674479166666667 0.6044600938967136 0.0859375 0.1971830985915493
2 0.9619791666666666 0.5011737089201878 0.07395833333333333 0.11502347417840376
2 0.7963541666666667 0.17488262910798122 0.030208333333333334 0.03286384976525822
2 0.7364583333333333 0.2335680751173709 0.03229166666666666 0.03755868544600939
2 0.6723958333333333 0.2505868544600939 0.04895833333333333 0.06455399061032864
3 0.8908854166666667 0.19190140845070422 0.058854166666666666 0.1255868544600939
