1 0.7572916666666667 0.38615023474178406 0.01875 0.08215962441314555
1 0.6505208333333333 0.5592723004694836 0.040625 0.1068075117370892
1 0.8502604166666666 0.6848591549295775 0.030729166666666665 0.11384976525821597
1 0.9026041666666667 0.7089201877934272 0.026041666666666668 0.107981220657277
1 0.9325520833333333 0.8480046948356808 0.033854166666666664 0.1255868544600939
1 0.9010416666666666 0.5580985915492958 0.015625 0.08098591549295775
1 0.8356770833333333 0.4859154929577465 0.028645833333333332 0.08685446009389672
1 0.8776041666666666 0.45129107981220656 0.02395833333333333 0.08802816901408451
1 0.7885416666666667 0.3374413145539906 0.017708333333333333 0.06455399061032864
1 0.8135416666666666 0.33039906103286387 0.017708333333333333 0.07629107981220658
1 0.8481770833333333 0.31396713615023475 0.0140625 0.06924882629107981
1 0.8497395833333333 0.4131455399061033 0.009895833333333333 0.06572769953051644
1 0.9067708333333333 0.3380281690140845 0.019791666666666666 0.07042253521126761
2 0.7677083333333333 0.6085680751173709 0.08020833333333333 0.17253521126760563
2 0.9609375 0.5070422535211268 0.07604166666666666 0.1267605633802817
2 0.7419270833333333 0.23180751173708922 0.04010416666666666 0.062206572769953054
3 0.88828125 0.1936619718309859 0.05260416666666667 0.10093896713615023
2 0.6697916666666667 0.255868544600939 0.04895833333333333 0.06338028169014084
