1 0.5127604166666666 0.6003521126760564 0.0640625 0.13028169014084506
1 0.47031249999999997 0.8685446009389671 0.05416666666666667 0.10093896713615023
1 0.26015625 0.6261737089201878 0.027604166666666666 0.09272300469483569
1 0.175 0.6285211267605634 0.034375 0.08568075117370892
1 0.13359375 0.5 0.030729166666666665 0.06807511737089202
1 0.64765625 0.4102112676056338 0.0203125 0.0715962441314554
1 0.8424479166666666 0.4454225352112676 0.019270833333333334 0.08802816901408451
1 0.8763020833333334 0.4354460093896714 0.013020833333333334 0.07981220657276995
1 0.9354166666666667 0.6860328638497653 0.027083333333333334 0.09976525821596244
1 0.7809895833333333 0.284037558685446 0.013020833333333334 0.0539906103286385
1 0.9328124999999999 0.471830985915493 0.028125 0.08215962441314555
2 0.7255208333333333 0.24706572769953053 0.041666666666666664 0.05985915492957747
2 0.7299479166666667 0.38028169014084506 0.05364583333333333 0.09154929577464789
2 0.8309895833333333 0.3221830985915493 0.044270833333333336 0.09272300469483569
2 0.8216145833333334 0.255868544600939 0.0328125 0.07511737089201878
2 0.8268229166666666 0.744131455399061 0.09739583333333333 0.19953051643192488
2 0.7815104166666667 0.4647887323943662 0.06614583333333333 0.11737089201877934
4 0.55859375 0.36678403755868544 0.06302083333333333 0.11619718309859155
3 0.6380208333333334 0.2505868544600939 0.06979166666666667 0.11854460093896714
4 0.7770833333333333 0.17429577464788734 0.040625 0.07394366197183098
4 0.6013020833333333 0.8503521126760564 0.17864583333333334 0.142018779342723
2 0.17083333333333334 0.8761737089201879 0.14791666666666667 0.09741784037558686
