1 0.25859375 0.6443661971830986 0.03802083333333333 0.10093896713615023
1 0.15833333333333333 0.47711267605633806 0.01875 0.0715962441314554
1 0.7729166666666667 0.8427230046948357 0.035416666666666666 0.1619718309859155
1 0.928125 0.693075117370892 0.029166666666666667 0.11619718309859155
1 0.9333333333333333 0.5780516431924883 0.02395833333333333 0.1068075117370892
1 0.9375 0.4366197183098592 0.022916666666666665 0.09389671361502347
1 0.7294270833333333 0.38791079812206575 0.018229166666666668 0.09507042253521127
1 0.8429687499999999 0.3145539906103286 0.022395833333333334 0.07511737089201878
1 0.8411458333333334 0.24119718309859156 0.011458333333333333 0.05985915492957747
1 0.8765625 0.2734741784037559 0.014583333333333334 0.06807511737089202
1 0.9052083333333333 0.323943661971831 0.015625 0.07511737089201878
2 0.7838541666666666 0.22359154929577466 0.036458333333333336 0.05516431924882629
2 0.7854166666666667 0.15199530516431925 0.035416666666666666 0.04107981220657277
2 0.9052083333333333 0.18427230046948356 0.03958333333333333 0.04929577464788733
4 0.7026041666666667 0.2359154929577465 0.04791666666666666 0.09154929577464789
4 0.7528645833333333 0.13321596244131456 0.057812499999999996 0.04107981220657277
3 0.81875 0.4970657276995305 0.11875 0.3086854460093897
