1 0.93125 0.6273474178403756 0.016666666666666666 0.10211267605633803
1 0.9263020833333333 0.517018779342723 0.025520833333333333 0.08333333333333333
1 0.9596354166666666 0.5862676056338029 0.0234375 0.09507042253521127
1 0.6255208333333333 0.8303990610328639 0.029166666666666667 0.11150234741784038
1 0.25 0.539906103286385 0.03958333333333333 0.07042253521126761
2 0.65546875 0.24119718309859156 0.0421875 0.06924882629107981
2 0.696875 0.2529342723004695 0.04375 0.05516431924882629
2 0.6924479166666666 0.32922535211267606 0.0546875 0.0528169014084507
2 0.5002604166666667 0.6473004694835681 0.07864583333333333 0.13262910798122066
2 0.7359375 0.6836854460093897 0.084375 0.17253521126760563
2 0.7893229166666667 0.5035211267605634 0.06302083333333333 0.11502347417840376
2 0.8638020833333333 0.2705399061032864 0.03697916666666667 0.05751173708920188
4 0.6354166666666666 0.4354460093896714 0.07291666666666667 0.20892018779342725
4 0.559375 0.3544600938967136 0.06875 0.14553990610328638
4 0.16197916666666667 0.2975352112676056 0.051041666666666666 0.07394366197183098
4 0.7989583333333333 0.2681924882629108 0.053125 0.12089201877934272
4 0.8619791666666666 0.7546948356807512 0.140625 0.3004694835680751
3 0.7244791666666667 0.1965962441314554 0.04791666666666666 0.08333333333333333
