1 0.6580729166666667 0.6860328638497653 0.03177083333333333 0.11384976525821597
1 0.5924479166666666 0.789906103286385 0.0453125 0.13615023474178403
1 0.3515625 0.4841549295774648 0.035416666666666666 0.08568075117370892
1 0.25885416666666666 0.5176056338028169 0.04479166666666667 0.09624413145539906
1 0.22239583333333332 0.4483568075117371 0.03229166666666666 0.08450704225352113
1 0.17213541666666665 0.664906103286385 0.04010416666666666 0.1279342723004695
1 0.89453125 0.7992957746478874 0.0234375 0.107981220657277
1 0.8442708333333333 0.7007042253521127 0.025 0.0892018779342723
1 0.9098958333333333 0.6960093896713615 0.021875 0.13145539906103287
1 0.9317708333333333 0.5833333333333334 0.017708333333333333 0.08215962441314555
1 0.9674479166666666 0.7118544600938967 0.022395833333333334 0.1091549295774648
1 0.8791666666666667 0.5950704225352113 0.025 0.11502347417840376
1 0.85 0.5052816901408451 0.02395833333333333 0.08098591549295775
1 0.87265625 0.46068075117370894 0.025520833333333333 0.0715962441314554
1 0.6565104166666667 0.5580985915492958 0.028645833333333332 0.06924882629107981
1 0.63125 0.511150234741784 0.027083333333333334 0.08333333333333333
1 0.66640625 0.4471830985915493 0.018229166666666668 0.07276995305164319
1 0.8182291666666667 0.4014084507042254 0.019791666666666666 0.06807511737089202
1 0.6809895833333334 0.3744131455399061 0.021354166666666667 0.051643192488262914
2 0.803125 0.29636150234741787 0.035416666666666666 0.05046948356807512
2 0.7627604166666666 0.35211267605633806 0.03802083333333333 0.07511737089201878
2 0.7328125 0.4483568075117371 0.06041666666666667 0.11737089201877934
2 0.7651041666666667 0.6161971830985916 0.071875 0.15492957746478875
2 0.2828125 0.7188967136150235 0.10104166666666667 0.16079812206572772
2 0.18932291666666667 0.5046948356807511 0.0609375 0.09859154929577466
2 0.8559895833333333 0.3245305164319249 0.04635416666666667 0.07629107981220658
2 0.7979166666666666 0.24237089201877934 0.036458333333333336 0.05046948356807512
2 0.8705729166666667 0.25528169014084506 0.03802083333333333 0.04812206572769953
2 0.6098958333333333 0.40316901408450706 0.06875 0.11150234741784038
2 0.6182291666666666 0.3221830985915493 0.042708333333333334 0.0715962441314554
2 0.659375 0.23004694835680753 0.026041666666666668 0.06338028169014084
4 0.7122395833333334 0.2323943661971831 0.05677083333333333 0.09154929577464789
4 0.8669270833333333 0.18485915492957747 0.0421875 0.07863849765258216
4 0.5244791666666666 0.4935446009389671 0.10520833333333333 0.24061032863849766
