1 0.659375 0.6795774647887324 0.020833333333333332 0.12441314553990611
1 0.5963541666666666 0.7834507042253521 0.051041666666666666 0.11619718309859155
1 0.353125 0.4800469483568075 0.022916666666666665 0.07276995305164319
1 0.2578125 0.4964788732394366 0.028125 0.08215962441314555
1 0.17161458333333332 0.6502347417840376 0.033854166666666664 0.11502347417840376
1 0.22291666666666665 0.4366197183098592 0.016666666666666666 0.07511737089201878
1 0.8466145833333333 0.6901408450704225 0.01614583333333333 0.10093896713615023
1 0.8953125 0.7998826291079812 0.029166666666666667 0.11854460093896714
1 0.9109375 0.687793427230047 0.028125 0.1056338028169014
1 0.8765625 0.596830985915493 0.02395833333333333 0.06690140845070423
1 0.8518229166666667 0.5076291079812206 0.024479166666666666 0.07629107981220658
1 0.8786458333333333 0.46830985915492956 0.026041666666666668 0.07981220657276995
1 0.8216145833333334 0.40962441314553993 0.0234375 0.07276995305164319
1 0.6614583333333334 0.5663145539906104 0.027083333333333334 0.11854460093896714
1 0.6244791666666667 0.5 0.021875 0.06807511737089202
1 0.6669270833333333 0.45129107981220656 0.0234375 0.08098591549295775
2 0.2872395833333333 0.7212441314553991 0.07760416666666667 0.15375586854460094
2 0.7330729166666666 0.43779342723004694 0.06302083333333333 0.09859154929577466
2 0.7734375 0.6185446009389671 0.07604166666666666 0.1807511737089202
2 0.7658854166666667 0.35269953051643194 0.03697916666666667 0.06455399061032864
2 0.8044270833333333 0.2992957746478873 0.0328125 0.06338028169014084
2 0.85625 0.3245305164319249 0.035416666666666666 0.062206572769953054
2 0.79921875 0.24002347417840375 0.03697916666666667 0.05516431924882629
2 0.8682291666666666 0.2576291079812207 0.040625 0.0528169014084507
2 0.6096354166666667 0.3967136150234742 0.06302083333333333 0.10093896713615023
2 0.615625 0.32805164319248825 0.042708333333333334 0.05985915492957747
4 0.5263020833333333 0.5070422535211268 0.11614583333333334 0.24413145539906103
4 0.7127604166666667 0.2476525821596244 0.05260416666666667 0.12206572769953052
4 0.8690104166666667 0.181924882629108 0.0328125 0.06338028169014084
2 0.18776041666666665 0.517018779342723 0.07135416666666666 0.1279342723004695
