1 0.8705729166666667 0.7494131455399061 0.028645833333333332 0.142018779342723
1 0.9252604166666667 0.5375586854460094 0.0234375 0.1056338028169014
1 0.8752604166666667 0.4964788732394366 0.021354166666666667 0.08685446009389672
1 0.8526041666666666 0.3626760563380282 0.017708333333333333 0.06338028169014084
1 0.7833333333333333 0.3914319248826291 0.019791666666666666 0.06690140845070423
1 0.78515625 0.3251173708920188 0.01614583333333333 0.056338028169014086
1 0.8760416666666666 0.33392018779342725 0.017708333333333333 0.07863849765258216
1 0.953125 0.49765258215962443 0.027083333333333334 0.09154929577464789
2 0.7453125 0.6232394366197184 0.07083333333333333 0.20187793427230047
2 0.278125 0.653755868544601 0.1125 0.18544600938967137
2 0.15130208333333334 0.4524647887323944 0.0890625 0.11150234741784038
2 0.54296875 0.38967136150234744 0.08697916666666666 0.07746478873239437
2 0.8109375 0.27406103286384975 0.04479166666666667 0.05751173708920188
4 0.6296875 0.2634976525821596 0.06666666666666667 0.10211267605633803
2 0.696875 0.3192488262910798 0.03958333333333333 0.07981220657276995
2 0.6833333333333333 0.43427230046948356 0.05 0.08215962441314555
2 0.703125 0.2564553990610329 0.046875 0.045774647887323945
2 0.74453125 0.2136150234741784 0.0390625 0.03286384976525822
