1 0.8731770833333333 0.738849765258216 0.0328125 0.1255868544600939
1 0.928125 0.5363849765258216 0.02395833333333333 0.0892018779342723
1 0.8768229166666667 0.49589201877934275 0.025520833333333333 0.07629107981220658
1 0.784375 0.39730046948356806 0.021875 0.06690140845070423
1 0.85234375 0.35211267605633806 0.015104166666666667 0.07746478873239437
1 0.8768229166666667 0.32629107981220656 0.0203125 0.0539906103286385
2 0.7049479166666667 0.25528169014084506 0.04010416666666666 0.0528169014084507
2 0.7505208333333333 0.6279342723004695 0.06458333333333333 0.1807511737089202
2 0.5419270833333333 0.40023474178403756 0.0609375 0.10328638497652583
2 0.2786458333333333 0.670774647887324 0.11666666666666667 0.181924882629108
2 0.14401041666666667 0.4630281690140845 0.08489583333333334 0.09507042253521127
2 0.6864583333333333 0.4413145539906103 0.058333333333333334 0.10093896713615023
2 0.6997395833333333 0.3145539906103286 0.04635416666666667 0.07746478873239437
4 0.63125 0.2834507042253521 0.05520833333333333 0.14906103286384978
4 0.8239583333333333 0.12852112676056338 0.03229166666666666 0.05516431924882629
