1 0.8205729166666667 0.5252347417840376 0.0203125 0.06924882629107981
1 0.7736979166666667 0.5751173708920188 0.028645833333333332 0.10093896713615023
1 0.2716145833333333 0.7089201877934272 0.028645833333333332 0.11737089201877934
1 0.20807291666666666 0.8122065727699531 0.057812499999999996 0.10093896713615023
1 0.15026041666666667 0.4694835680751174 0.03177083333333333 0.07746478873239437
1 0.8333333333333334 0.2834507042253521 0.017708333333333333 0.04342723004694836
2 0.5263020833333333 0.6291079812206573 0.09427083333333333 0.1619718309859155
2 0.20572916666666666 0.5645539906103286 0.09479166666666666 0.12910798122065728
2 0.6815104166666667 0.40082159624413144 0.0765625 0.09741784037558686
2 0.7653645833333333 0.34507042253521125 0.04739583333333333 0.09624413145539906
2 0.8536458333333333 0.3626760563380282 0.04583333333333333 0.09859154929577466
2 0.7096354166666666 0.25821596244131456 0.04010416666666666 0.07042253521126761
2 0.77109375 0.2576291079812207 0.0265625 0.0528169014084507
2 0.7953125 0.21009389671361503 0.029166666666666667 0.056338028169014086
2 0.7489583333333333 0.20833333333333334 0.030208333333333334 0.04342723004694836
4 0.6229166666666667 0.24413145539906103 0.053125 0.11267605633802817
4 0.9203125 0.49119718309859156 0.10208333333333333 0.22652582159624413
4 0.6606770833333333 0.6414319248826291 0.13177083333333334 0.3086854460093897
