1 0.8278645833333333 0.414906103286385 0.0265625 0.09741784037558686
1 0.5533854166666666 0.44014084507042256 0.028645833333333332 0.07746478873239437
1 0.28880208333333335 0.5492957746478874 0.0203125 0.07511737089201878
1 0.20078125 0.5498826291079812 0.028645833333333332 0.08802816901408451
1 0.8950520833333333 0.7417840375586855 0.03177083333333333 0.11267605633802817
1 0.8921875 0.5862676056338029 0.020833333333333332 0.10446009389671362
1 0.9361979166666666 0.6097417840375587 0.024479166666666666 0.09741784037558686
3 0.6734375 0.5093896713615024 0.1875 0.34976525821596244
2 0.45625 0.6701877934272301 0.10729166666666666 0.1431924882629108
4 0.77578125 0.6801643192488263 0.11822916666666666 0.31572769953051644
4 0.7533854166666667 0.2664319248826291 0.10885416666666667 0.14084507042253522
2 0.8419270833333333 0.3039906103286385 0.0484375 0.06338028169014084
2 0.11015625 0.42312206572769956 0.0796875 0.09976525821596244
