1 0.5049479166666666 0.7529342723004695 0.034895833333333334 0.13028169014084506
1 0.4583333333333333 0.8609154929577465 0.04375 0.09976525821596244
1 0.30807291666666664 0.7887323943661972 0.03802083333333333 0.1267605633802817
1 0.28489583333333335 0.6654929577464789 0.042708333333333334 0.11267605633802817
1 0.19791666666666666 0.7012910798122066 0.04479166666666667 0.09272300469483569
1 0.22239583333333332 0.5346244131455399 0.034375 0.08098591549295775
1 0.1875 0.40492957746478875 0.03229166666666666 0.08215962441314555
1 0.8744791666666667 0.4970657276995305 0.017708333333333333 0.09741784037558686
1 0.9268229166666666 0.49178403755868544 0.0203125 0.09154929577464789
1 0.9083333333333333 0.46068075117370894 0.021875 0.0715962441314554
2 0.8111979166666666 0.4706572769953052 0.05364583333333333 0.1267605633802817
2 0.8619791666666666 0.6919014084507042 0.08854166666666667 0.181924882629108
2 0.6940104166666666 0.5129107981220657 0.06510416666666667 0.11737089201877934
2 0.5432291666666667 0.4536384976525822 0.07916666666666666 0.10446009389671362
2 0.6848958333333334 0.3075117370892019 0.046875 0.10093896713615023
4 0.6161458333333333 0.28931924882629106 0.05520833333333333 0.12089201877934272
4 0.6630208333333333 0.2007042253521127 0.065625 0.10093896713615023
3 0.7591145833333334 0.306924882629108 0.10677083333333333 0.20774647887323944
4 0.7283854166666667 0.7529342723004695 0.1546875 0.33215962441314556
2 0.5916666666666667 0.6713615023474179 0.075 0.1807511737089202
4 0.8635416666666667 0.2857981220657277 0.06145833333333333 0.12323943661971831
