1 0.8778645833333333 0.6572769953051644 0.033854166666666664 0.13380281690140847
1 0.9205729166666666 0.8163145539906104 0.0328125 0.1279342723004695
1 0.6484375 0.7458920187793427 0.0375 0.11150234741784038
1 0.6565104166666667 0.630868544600939 0.025520833333333333 0.09976525821596244
1 0.6119791666666666 0.6490610328638498 0.027083333333333334 0.09624413145539906
1 0.63671875 0.5293427230046949 0.022395833333333334 0.10093896713615023
1 0.6549479166666666 0.4524647887323944 0.0171875 0.06455399061032864
1 0.3138020833333333 0.568075117370892 0.0359375 0.107981220657277
1 0.15234375 0.3914319248826291 0.025520833333333333 0.06690140845070423
1 0.8606770833333334 0.4876760563380282 0.018229166666666668 0.08333333333333333
1 0.8981770833333333 0.5017605633802817 0.034895833333333334 0.09507042253521127
1 0.9367187499999999 0.647887323943662 0.0203125 0.13615023474178403
1 0.98671875 0.7946009389671361 0.025520833333333333 0.12910798122065728
1 0.9557291666666666 0.539906103286385 0.020833333333333332 0.09154929577464789
1 0.8348958333333333 0.40962441314553993 0.021875 0.06572769953051644
2 0.5471354166666667 0.5387323943661972 0.08177083333333333 0.13615023474178403
2 0.5963541666666666 0.3204225352112676 0.052083333333333336 0.06572769953051644
2 0.20052083333333334 0.6132629107981221 0.07604166666666666 0.15845070422535212
2 0.15703125 0.49119718309859156 0.07760416666666667 0.06690140845070423
2 0.5588541666666667 0.20246478873239437 0.046875 0.05046948356807512
2 0.8184895833333333 0.27875586854460094 0.034895833333333334 0.06455399061032864
2 0.8815104166666666 0.33039906103286387 0.05364583333333333 0.0715962441314554
2 0.4283854166666667 0.8480046948356808 0.12760416666666666 0.16314553990610328
4 0.7653645833333333 0.6220657276995305 0.11614583333333334 0.3474178403755869
4 0.7708333333333334 0.39730046948356806 0.0875 0.10446009389671362
4 0.7643229166666666 0.2852112676056338 0.0609375 0.13380281690140847
3 0.6518229166666667 0.22241784037558687 0.08697916666666666 0.12323943661971831
