1 0.8286458333333333 0.4688967136150235 0.014583333333333334 0.08333333333333333
1 0.8729166666666667 0.5264084507042254 0.020833333333333332 0.07863849765258216
1 0.7703125 0.6015258215962441 0.025 0.0903755868544601
1 0.1625 0.7523474178403756 0.030208333333333334 0.13615023474178403
1 0.93125 0.8374413145539906 0.03125 0.13262910798122066
1 0.9247395833333333 0.6003521126760564 0.0265625 0.09272300469483569
1 0.8466145833333333 0.4131455399061033 0.021354166666666667 0.07042253521126761
1 0.8700520833333333 0.38380281690140844 0.015104166666666667 0.07981220657276995
1 0.8518229166666667 0.3315727699530516 0.0171875 0.0528169014084507
2 0.6651041666666666 0.41607981220657275 0.06145833333333333 0.1068075117370892
2 0.59921875 0.3392018779342723 0.05260416666666667 0.07746478873239437
2 0.6296875 0.27875586854460094 0.051041666666666666 0.03873239436619719
2 0.66484375 0.23650234741784038 0.0453125 0.036384976525821594
2 0.5119791666666667 0.8251173708920188 0.14479166666666665 0.17605633802816903
4 0.49765624999999997 0.5046948356807511 0.11927083333333333 0.19953051643192488
4 0.7583333333333333 0.7834507042253521 0.13958333333333334 0.22183098591549297
4 0.7622395833333333 0.4084507042253521 0.0890625 0.24178403755868544
4 0.8192708333333333 0.25997652582159625 0.0625 0.1279342723004695
