1 0.7278645833333334 0.38204225352112675 0.021354166666666667 0.08802816901408451
1 0.9372395833333333 0.5833333333333334 0.021354166666666667 0.09624413145539906
1 0.9307291666666666 0.6983568075117371 0.028125 0.09624413145539906
1 0.26171875 0.6373239436619719 0.033854166666666664 0.09389671361502347
1 0.15651041666666665 0.47300469483568075 0.027604166666666666 0.05868544600938967
1 0.14479166666666665 0.3826291079812207 0.01875 0.04929577464788733
1 0.8442708333333333 0.3028169014084507 0.017708333333333333 0.051643192488262914
1 0.87734375 0.2664319248826291 0.011979166666666666 0.051643192488262914
1 0.8447916666666666 0.24178403755868544 0.013541666666666667 0.046948356807511735
1 0.9020833333333333 0.3204225352112676 0.013541666666666667 0.056338028169014086
1 0.9364583333333333 0.4301643192488263 0.019791666666666666 0.09272300469483569
3 0.821875 0.49471830985915494 0.10520833333333333 0.31338028169014087
4 0.7104166666666667 0.24237089201877934 0.06979166666666667 0.10446009389671362
4 0.74609375 0.1238262910798122 0.05677083333333333 0.0528169014084507
2 0.7864583333333334 0.22007042253521128 0.035416666666666666 0.0528169014084507
2 0.78515625 0.15492957746478875 0.0296875 0.04460093896713615
