1 0.16380208333333332 0.7634976525821596 0.03697916666666667 0.11854460093896714
1 0.7671875 0.5956572769953051 0.028125 0.10211267605633803
1 0.8299479166666667 0.4688967136150235 0.0171875 0.06455399061032864
1 0.8489583333333334 0.4196009389671362 0.017708333333333333 0.062206572769953054
1 0.8716145833333333 0.38615023474178406 0.0140625 0.056338028169014086
1 0.9192708333333334 0.6003521126760564 0.030208333333333334 0.09741784037558686
1 0.8528645833333334 0.33039906103286387 0.011979166666666666 0.06924882629107981
2 0.6643229166666667 0.40610328638497656 0.06822916666666666 0.09859154929577466
2 0.59375 0.3403755868544601 0.05625 0.09624413145539906
2 0.6401041666666667 0.27582159624413144 0.03958333333333333 0.06338028169014084
2 0.6640625 0.23884976525821597 0.030208333333333334 0.06455399061032864
2 0.5325520833333334 0.8133802816901409 0.13385416666666666 0.1971830985915493
4 0.49583333333333335 0.5093896713615024 0.12604166666666666 0.22535211267605634
4 0.76953125 0.7969483568075117 0.15989583333333332 0.2511737089201878
4 0.7658854166666667 0.40316901408450706 0.0859375 0.22652582159624413
4 0.8184895833333333 0.2693661971830986 0.05677083333333333 0.15140845070422534
