1 0.19427083333333334 0.5029342723004695 0.028125 0.08098591549295775
1 0.15182291666666667 0.43896713615023475 0.027604166666666666 0.10093896713615023
1 0.6 0.5880281690140845 0.026041666666666668 0.10093896713615023
1 0.715625 0.801056338028169 0.04791666666666666 0.09507042253521127
1 0.6901041666666666 0.6913145539906104 0.03125 0.09859154929577466
1 0.3921875 0.47593896713615025 0.03125 0.06924882629107981
1 0.8984375 0.4242957746478873 0.020833333333333332 0.08802816901408451
1 0.8317708333333333 0.3562206572769953 0.026041666666666668 0.07629107981220658
2 0.6802083333333333 0.20363849765258216 0.030208333333333334 0.0528169014084507
2 0.7372395833333333 0.17605633802816903 0.03177083333333333 0.03990610328638498
2 0.4328125 0.5915492957746479 0.075 0.13849765258215962
2 0.7333333333333333 0.2482394366197183 0.04791666666666666 0.062206572769953054
4 0.7859375 0.534037558685446 0.08958333333333333 0.2652582159624413
4 0.5825520833333333 0.8204225352112676 0.09947916666666666 0.22535211267605634
2 0.17734375 0.7077464788732395 0.0984375 0.1619718309859155
2 0.68515625 0.562793427230047 0.09635416666666667 0.17253521126760563
4 0.7802083333333333 0.3597417840375587 0.08229166666666667 0.11150234741784038
4 0.8036458333333333 0.272887323943662 0.05520833333333333 0.0903755868544601
4 0.8140625 0.20305164319248828 0.052083333333333336 0.09859154929577466
4 0.6828125 0.32629107981220656 0.078125 0.15492957746478875
4 0.6067708333333334 0.3004694835680751 0.07083333333333333 0.1431924882629108
4 0.8546874999999999 0.18427230046948356 0.051041666666666666 0.08215962441314555
2 0.9015624999999999 0.5868544600938967 0.0875 0.19014084507042253
2 0.8786458333333333 0.36032863849765256 0.06041666666666667 0.11032863849765258
