1 0.8778645833333333 0.44014084507042256 0.019270833333333334 0.09154929577464789
1 0.8903645833333333 0.5586854460093896 0.0203125 0.0892018779342723
1 0.93125 0.6291079812206573 0.03333333333333333 0.11971830985915494
1 0.9598958333333333 0.7546948356807512 0.021875 0.12206572769953052
1 0.19088541666666667 0.8380281690140845 0.04010416666666666 0.12910798122065728
1 0.13880208333333333 0.47124413145539906 0.025520833333333333 0.0715962441314554
1 0.19947916666666665 0.27523474178403756 0.026041666666666668 0.05046948356807512
1 0.6955729166666667 0.4612676056338028 0.019270833333333334 0.08215962441314555
1 0.6854166666666667 0.4055164319248826 0.016666666666666666 0.06455399061032864
1 0.625 0.33039906103286387 0.017708333333333333 0.05046948356807512
1 0.84375 0.37089201877934275 0.015625 0.06103286384976526
1 0.7575520833333333 0.38204225352112675 0.022395833333333334 0.06690140845070423
2 0.5479166666666666 0.5950704225352113 0.08229166666666667 0.1431924882629108
2 0.5408854166666667 0.39906103286384975 0.058854166666666666 0.08685446009389672
2 0.42604166666666665 0.6848591549295775 0.109375 0.20539906103286384
2 0.6140625 0.4330985915492958 0.06458333333333333 0.11267605633802817
2 0.8380208333333333 0.8362676056338029 0.12708333333333333 0.15375586854460094
2 0.8770833333333333 0.3274647887323944 0.036458333333333336 0.08215962441314555
2 0.8796875 0.2535211267605634 0.040625 0.056338028169014086
4 0.803125 0.44072769953051644 0.06145833333333333 0.20774647887323944
2 0.6924479166666666 0.6291079812206573 0.10052083333333334 0.16901408450704225
3 0.7015625 0.2335680751173709 0.07291666666666667 0.15023474178403756
4 0.7971354166666667 0.3039906103286385 0.05677083333333333 0.08215962441314555
4 0.76796875 0.1936619718309859 0.04114583333333333 0.0892018779342723
