1 0.6911458333333333 0.45774647887323944 0.025 0.08685446009389672
1 0.6833333333333333 0.39084507042253525 0.015625 0.0539906103286385
1 0.6692708333333334 0.36326291079812206 0.01875 0.06455399061032864
1 0.6236979166666666 0.32981220657276994 0.022395833333333334 0.06572769953051644
1 0.13645833333333332 0.4653755868544601 0.03125 0.05985915492957747
1 0.20052083333333334 0.27582159624413144 0.030208333333333334 0.0539906103286385
1 0.09583333333333333 0.47476525821596244 0.017708333333333333 0.0528169014084507
1 0.18828125 0.8438967136150235 0.0453125 0.1267605633802817
1 0.8901041666666667 0.5686619718309859 0.017708333333333333 0.08802816901408451
1 0.9205729166666666 0.6255868544600939 0.030729166666666665 0.1056338028169014
1 0.9614583333333333 0.7505868544600939 0.034375 0.1279342723004695
1 0.9171874999999999 0.5035211267605634 0.016666666666666666 0.09154929577464789
1 0.8770833333333333 0.4413145539906103 0.025 0.08450704225352113
2 0.53984375 0.40434272300469487 0.07447916666666667 0.12323943661971831
2 0.5544270833333333 0.5933098591549296 0.07135416666666666 0.11854460093896714
2 0.42473958333333334 0.6830985915492958 0.09739583333333333 0.1619718309859155
2 0.6872395833333333 0.6109154929577465 0.1015625 0.1255868544600939
2 0.83203125 0.8415492957746479 0.1578125 0.17136150234741784
2 0.6151041666666667 0.4307511737089202 0.075 0.12910798122065728
2 0.8822916666666667 0.2482394366197183 0.03333333333333333 0.06690140845070423
2 0.8768229166666667 0.32981220657276994 0.04114583333333333 0.07981220657276995
4 0.80234375 0.4272300469483568 0.06510416666666667 0.1807511737089202
4 0.7958333333333333 0.29577464788732394 0.04791666666666666 0.09859154929577466
2 0.71953125 0.34683098591549294 0.04635416666666667 0.10446009389671362
3 0.69453125 0.24530516431924884 0.07447916666666667 0.14084507042253522
4 0.7658854166666667 0.18955399061032865 0.043229166666666666 0.09976525821596244
4 0.85 0.16901408450704225 0.04375 0.10093896713615023
