1 0.7692708333333333 0.4994131455399061 0.019791666666666666 0.09976525821596244
1 0.8088541666666667 0.6742957746478874 0.034375 0.1467136150234742
1 0.85390625 0.6073943661971831 0.0203125 0.08568075117370892
1 0.8575520833333333 0.852699530516432 0.033854166666666664 0.1091549295774648
1 0.9541666666666666 0.7652582159624414 0.03958333333333333 0.12441314553990611
1 0.9427083333333334 0.539906103286385 0.028125 0.09624413145539906
1 0.69453125 0.5223004694835681 0.030729166666666665 0.06572769953051644
1 0.7479166666666667 0.4612676056338028 0.022916666666666665 0.07981220657276995
1 0.7317708333333334 0.4295774647887324 0.01875 0.07746478873239437
1 0.7372395833333333 0.3585680751173709 0.01614583333333333 0.06455399061032864
1 0.6388020833333333 0.3544600938967136 0.018229166666666668 0.05868544600938967
1 0.65703125 0.29401408450704225 0.0109375 0.05516431924882629
1 0.31953125 0.7752347417840376 0.0390625 0.13497652582159625
1 0.18098958333333334 0.5187793427230047 0.021354166666666667 0.07511737089201878
1 0.10078125 0.49471830985915494 0.030729166666666665 0.06455399061032864
2 0.4986979166666667 0.6461267605633803 0.0921875 0.17018779342723006
2 0.21666666666666667 0.6203051643192489 0.06354166666666666 0.13262910798122066
2 0.6591145833333333 0.8075117370892019 0.15260416666666665 0.22769953051643194
2 0.6713541666666667 0.40610328638497656 0.06979166666666667 0.11737089201877934
2 0.70625 0.3268779342723005 0.03125 0.06455399061032864
2 0.7421875 0.27406103286384975 0.041666666666666664 0.04812206572769953
2 0.7729166666666667 0.22535211267605634 0.041666666666666664 0.046948356807511735
2 0.6934895833333333 0.2605633802816901 0.03802083333333333 0.04460093896713615
4 0.5734375 0.4025821596244131 0.08020833333333333 0.18544600938967137
4 0.7950520833333333 0.3720657276995305 0.0703125 0.14788732394366197
4 0.875 0.38497652582159625 0.06041666666666667 0.17605633802816903
4 0.8486979166666666 0.24178403755868544 0.0484375 0.09624413145539906
