1 0.19140625 0.5710093896713615 0.0328125 0.08568075117370892
1 0.48463541666666665 0.8039906103286385 0.04010416666666666 0.11737089201877934
1 0.7828125 0.6913145539906104 0.03125 0.10328638497652583
1 0.75546875 0.5715962441314554 0.022395833333333334 0.08685446009389672
1 0.8583333333333333 0.5164319248826291 0.021875 0.07276995305164319
1 0.9140625 0.6343896713615024 0.029166666666666667 0.09507042253521127
1 0.97421875 0.6414319248826291 0.030729166666666665 0.0903755868544601
1 0.8742187499999999 0.3967136150234742 0.011979166666666666 0.06103286384976526
1 0.85390625 0.3474178403755869 0.021354166666666667 0.08450704225352113
1 0.6854166666666667 0.3438967136150235 0.019791666666666666 0.051643192488262914
2 0.6127604166666667 0.30927230046948356 0.0515625 0.07629107981220658
2 0.6083333333333333 0.3791079812206573 0.03333333333333333 0.07276995305164319
2 0.6375 0.443075117370892 0.08020833333333333 0.07629107981220658
2 0.5966145833333333 0.6748826291079812 0.12343749999999999 0.18309859154929578
2 0.5375 0.4524647887323944 0.06145833333333333 0.1068075117370892
2 0.49244791666666665 0.5927230046948357 0.09322916666666667 0.15023474178403756
2 0.7046875 0.29577464788732394 0.05416666666666667 0.07276995305164319
2 0.759375 0.37089201877934275 0.059375 0.06103286384976526
2 0.7942708333333334 0.47535211267605637 0.06875 0.11737089201877934
2 0.803125 0.2904929577464789 0.05416666666666667 0.06924882629107981
4 0.70625 0.18661971830985916 0.05 0.08450704225352113
