1 0.6885416666666666 0.34683098591549294 0.02395833333333333 0.06455399061032864
1 0.7830729166666667 0.6995305164319249 0.030729166666666665 0.13615023474178403
1 0.7588541666666666 0.6015258215962441 0.026041666666666668 0.0903755868544601
1 0.4796875 0.8045774647887324 0.05416666666666667 0.1279342723004695
1 0.18463541666666666 0.5704225352112676 0.028645833333333332 0.07276995305164319
1 0.8598958333333333 0.5252347417840376 0.01875 0.08098591549295775
1 0.9174479166666667 0.6273474178403756 0.024479166666666666 0.11150234741784038
1 0.875 0.3949530516431925 0.017708333333333333 0.06455399061032864
1 0.8567708333333334 0.3544600938967136 0.013541666666666667 0.07042253521126761
1 0.8723958333333334 0.3116197183098592 0.0125 0.0715962441314554
1 0.8864583333333333 0.2852112676056338 0.0125 0.051643192488262914
1 0.9083333333333333 0.39084507042253525 0.014583333333333334 0.06807511737089202
1 0.9002604166666667 0.3268779342723005 0.0109375 0.04342723004694836
1 0.6328125 0.22183098591549297 0.016666666666666666 0.03755868544600939
1 0.9708333333333333 0.6343896713615024 0.025 0.08568075117370892
1 0.9575520833333333 0.45892018779342725 0.0203125 0.056338028169014086
1 0.9361979166666666 0.5099765258215962 0.027604166666666666 0.08802816901408451
2 0.7109375 0.2863849765258216 0.035416666666666666 0.07042253521126761
2 0.6223958333333334 0.3086854460093897 0.052083333333333336 0.06572769953051644
2 0.609375 0.3685446009389671 0.040625 0.09389671361502347
2 0.6416666666666666 0.4284037558685446 0.07604166666666666 0.06807511737089202
2 0.5369791666666667 0.45892018779342725 0.06875 0.09624413145539906
2 0.49453125 0.5950704225352113 0.10052083333333334 0.1431924882629108
2 0.5979166666666667 0.6789906103286385 0.11562499999999999 0.1443661971830986
2 0.7971354166666667 0.4624413145539906 0.0734375 0.11267605633802817
2 0.75390625 0.38204225352112675 0.07447916666666667 0.10211267605633803
2 0.80078125 0.3057511737089202 0.05677083333333333 0.05985915492957747
4 0.7049479166666667 0.18544600938967137 0.0515625 0.08450704225352113
4 0.8416666666666667 0.23415492957746478 0.04895833333333333 0.09507042253521127
