1 0.6888020833333334 0.6848591549295775 0.0265625 0.12323943661971831
1 0.6958333333333333 0.5369718309859155 0.03333333333333333 0.09976525821596244
1 0.7208333333333333 0.4970657276995305 0.034375 0.11150234741784038
1 0.78671875 0.4348591549295775 0.0234375 0.07863849765258216
1 0.8927083333333333 0.49471830985915494 0.01875 0.06455399061032864
1 0.9127604166666666 0.6003521126760564 0.03177083333333333 0.11150234741784038
1 0.9393229166666667 0.4818075117370892 0.030729166666666665 0.0715962441314554
1 0.76484375 0.3609154929577465 0.018229166666666668 0.0528169014084507
1 0.20598958333333334 0.6965962441314554 0.024479166666666666 0.09976525821596244
1 0.19401041666666666 0.6091549295774648 0.0390625 0.07276995305164319
1 0.24505208333333334 0.45833333333333337 0.030729166666666665 0.09507042253521127
1 0.15677083333333333 0.4196009389671362 0.026041666666666668 0.06924882629107981
1 0.13333333333333333 0.8755868544600939 0.052083333333333336 0.08450704225352113
1 0.8760416666666666 0.3227699530516432 0.015625 0.05868544600938967
1 0.86796875 0.2681924882629108 0.0140625 0.03873239436619719
1 0.7440104166666667 0.33685446009389675 0.009895833333333333 0.04929577464788733
1 0.7510416666666666 0.2852112676056338 0.0125 0.035211267605633804
1 0.7606770833333333 0.25234741784037557 0.0109375 0.03755868544600939
2 0.3692708333333333 0.6208920187793427 0.1 0.10328638497652583
2 0.80234375 0.7071596244131455 0.08072916666666667 0.24295774647887325
2 0.7106770833333333 0.2605633802816901 0.0421875 0.0539906103286385
2 0.7458333333333333 0.22535211267605634 0.03333333333333333 0.07042253521126761
2 0.8291666666666666 0.3403755868544601 0.040625 0.09389671361502347
2 0.7916666666666666 0.2875586854460094 0.04479166666666667 0.09389671361502347
2 0.8341145833333333 0.23767605633802819 0.034895833333333334 0.06924882629107981
2 0.6791666666666667 0.22359154929577466 0.026041666666666668 0.029342723004694836
2 0.6354166666666666 0.27230046948356806 0.04375 0.07276995305164319
2 0.7140625 0.1977699530516432 0.03125 0.045774647887323945
4 0.49713541666666666 0.7652582159624414 0.2140625 0.3145539906103286
4 0.6763020833333333 0.3573943661971831 0.07864583333333333 0.16784037558685447
