1 0.6895833333333333 0.6343896713615024 0.028125 0.11619718309859155
1 0.39947916666666666 0.6807511737089202 0.028125 0.11032863849765258
1 0.35130208333333335 0.613849765258216 0.0359375 0.1056338028169014
1 0.7651041666666667 0.38438967136150237 0.015625 0.05985915492957747
1 0.76015625 0.3057511737089202 0.022395833333333334 0.06455399061032864
1 0.9088541666666666 0.42018779342723006 0.026041666666666668 0.07511737089201878
1 0.91640625 0.6561032863849765 0.0328125 0.10328638497652583
1 0.9447916666666667 0.5639671361502347 0.021875 0.0715962441314554
2 0.5828125 0.3532863849765258 0.046875 0.07981220657276995
2 0.7872395833333333 0.49002347417840375 0.06302083333333333 0.08568075117370892
2 0.86171875 0.3421361502347418 0.050520833333333334 0.08333333333333333
2 0.8299479166666667 0.2822769953051643 0.049479166666666664 0.07394366197183098
4 0.6984375 0.25880281690140844 0.06979166666666667 0.12323943661971831
3 0.28098958333333335 0.4483568075117371 0.1734375 0.19248826291079812
4 0.2716145833333333 0.8045774647887324 0.1921875 0.2335680751173709
4 0.82109375 0.710680751173709 0.1046875 0.33685446009389675
4 0.69375 0.2687793427230047 0.065625 0.13145539906103287
4 0.7791666666666667 0.20598591549295775 0.05625 0.1068075117370892
