1 0.2630208333333333 0.4982394366197183 0.042708333333333334 0.10446009389671362
1 0.7979166666666666 0.6807511737089202 0.03854166666666667 0.10328638497652583
1 0.87890625 0.7323943661971831 0.0328125 0.12441314553990611
1 0.928125 0.6555164319248826 0.041666666666666664 0.1279342723004695
1 0.98515625 0.7951877934272301 0.028645833333333332 0.11854460093896714
1 0.7872395833333333 0.5492957746478874 0.0296875 0.0892018779342723
1 0.32369791666666664 0.6508215962441315 0.044270833333333336 0.1091549295774648
1 0.74765625 0.4647887323943662 0.0234375 0.08685446009389672
2 0.4888020833333333 0.7511737089201878 0.10260416666666666 0.17605633802816903
2 0.6119791666666666 0.3080985915492958 0.051041666666666666 0.07394366197183098
2 0.8096354166666666 0.3221830985915493 0.04635416666666667 0.09976525821596244
4 0.6947916666666667 0.24530516431924884 0.05416666666666667 0.09859154929577466
4 0.7502604166666667 0.18661971830985916 0.0609375 0.09624413145539906
3 0.8729166666666667 0.3826291079812207 0.096875 0.3145539906103286
3 0.6604166666666667 0.5516431924882629 0.12395833333333334 0.34507042253521125
4 0.7596354166666667 0.8380281690140845 0.16614583333333333 0.19014084507042253
2 0.19114583333333332 0.7400234741784038 0.10625 0.18661971830985916
2 0.13541666666666666 0.45598591549295775 0.09479166666666666 0.10211267605633803
4 0.7455729166666667 0.18720657276995306 0.05572916666666666 0.10446009389671362
