1 0.8046875 0.3890845070422535 0.017708333333333333 0.0715962441314554
1 0.8721354166666666 0.4113849765258216 0.0171875 0.08333333333333333
1 0.9114583333333334 0.6032863849765259 0.029166666666666667 0.107981220657277
1 0.8622395833333333 0.35387323943661975 0.019270833333333334 0.0715962441314554
1 0.8135416666666666 0.3116197183098592 0.016666666666666666 0.06690140845070423
1 0.184375 0.6144366197183099 0.035416666666666666 0.1068075117370892
1 0.9356770833333333 0.3785211267605634 0.019270833333333334 0.08333333333333333
1 0.8932291666666666 0.31690140845070425 0.020833333333333332 0.056338028169014086
2 0.20364583333333333 0.4794600938967136 0.09791666666666667 0.09741784037558686
2 0.7078125 0.2681924882629108 0.03229166666666666 0.05751173708920188
4 0.8229166666666666 0.2007042253521127 0.041666666666666664 0.10328638497652583
4 0.6658854166666667 0.5316901408450704 0.1015625 0.2183098591549296
