1 0.7955729166666666 0.6866197183098591 0.0328125 0.11032863849765258
1 0.8755208333333333 0.7253521126760564 0.042708333333333334 0.107981220657277
1 0.9296875 0.6602112676056339 0.03958333333333333 0.1279342723004695
1 0.9838541666666667 0.7881455399061033 0.03125 0.11854460093896714
1 0.7856770833333333 0.5446009389671361 0.019270833333333334 0.07746478873239437
1 0.7471354166666666 0.45774647887323944 0.0203125 0.07981220657276995
1 0.2552083333333333 0.4724178403755869 0.03333333333333333 0.07863849765258216
1 0.3221354166666667 0.6338028169014085 0.033854166666666664 0.09624413145539906
1 0.7924479166666667 0.2359154929577465 0.0234375 0.07981220657276995
2 0.8125 0.31690140845070425 0.052083333333333336 0.06807511737089202
2 0.6140625 0.306924882629108 0.06458333333333333 0.08098591549295775
2 0.48203124999999997 0.7570422535211268 0.12447916666666667 0.1807511737089202
3 0.6552083333333333 0.5586854460093896 0.11145833333333333 0.363849765258216
2 0.18072916666666666 0.7318075117370892 0.090625 0.16784037558685447
2 0.13411458333333334 0.4565727699530516 0.0828125 0.08215962441314555
4 0.7661458333333333 0.8303990610328639 0.14479166666666665 0.1772300469483568
4 0.69375 0.24941314553990612 0.04375 0.1068075117370892
4 0.7481770833333333 0.19131455399061034 0.04114583333333333 0.09624413145539906
3 0.8776041666666666 0.380868544600939 0.09270833333333334 0.30164319248826293
