1 0.51015625 0.5211267605633803 0.033854166666666664 0.07981220657276995
1 0.5966145833333333 0.47300469483568075 0.024479166666666666 0.07511737089201878
1 0.63515625 0.3615023474178404 0.01614583333333333 0.06572769953051644
1 0.8875 0.6408450704225352 0.02395833333333333 0.08450704225352113
1 0.9143229166666667 0.7646713615023474 0.033854166666666664 0.10211267605633803
1 0.9315104166666667 0.6484741784037559 0.0265625 0.0903755868544601
1 0.95546875 0.5363849765258216 0.0265625 0.09389671361502347
1 0.9020833333333333 0.49119718309859156 0.025 0.062206572769953054
1 0.8708333333333333 0.4935446009389671 0.0375 0.09272300469483569
1 0.8533854166666667 0.34624413145539906 0.022395833333333334 0.0539906103286385
1 0.90859375 0.40962441314553993 0.019270833333333334 0.06572769953051644
2 0.15703125 0.29518779342723006 0.07135416666666666 0.08098591549295775
2 0.64765625 0.5240610328638498 0.08802083333333333 0.10211267605633803
2 0.7796875 0.443075117370892 0.07291666666666667 0.09507042253521127
2 0.8049479166666667 0.6302816901408451 0.0890625 0.14084507042253522
2 0.79765625 0.8720657276995305 0.12447916666666667 0.11032863849765258
2 0.7041666666666666 0.3204225352112676 0.05 0.056338028169014086
2 0.7302083333333333 0.25704225352112675 0.03958333333333333 0.0539906103286385
2 0.6255208333333333 0.2975352112676056 0.046875 0.062206572769953054
2 0.5557291666666666 0.43838028169014087 0.07083333333333333 0.10211267605633803
4 0.7885416666666667 0.3057511737089202 0.065625 0.1443661971830986
4 0.3442708333333333 0.778755868544601 0.2583333333333333 0.2640845070422535
4 0.8518229166666667 0.2177230046948357 0.049479166666666664 0.08333333333333333
3 0.7901041666666666 0.1789906103286385 0.06145833333333333 0.10211267605633803
