1 0.26197916666666665 0.5868544600938967 0.03125 0.09624413145539906
1 0.9 0.5839201877934272 0.022916666666666665 0.08802816901408451
1 0.9130208333333333 0.5193661971830986 0.03125 0.06924882629107981
1 0.9544270833333334 0.448943661971831 0.0234375 0.07629107981220658
1 0.9817708333333334 0.5011737089201878 0.021875 0.07511737089201878
1 0.87265625 0.392018779342723 0.0171875 0.06807511737089202
1 0.9276041666666667 0.3884976525821596 0.029166666666666667 0.09624413145539906
1 0.8692708333333333 0.3333333333333333 0.016666666666666666 0.035211267605633804
2 0.8111979166666666 0.4994131455399061 0.059895833333333336 0.13497652582159625
2 0.8041666666666667 0.34976525821596244 0.040625 0.11971830985915494
2 0.79921875 0.6807511737089202 0.08802083333333333 0.20892018779342725
2 0.7291666666666666 0.23826291079812206 0.025 0.03755868544600939
2 0.15572916666666667 0.5134976525821596 0.08958333333333333 0.0903755868544601
3 0.8390624999999999 0.13732394366197184 0.06041666666666667 0.08450704225352113
4 0.709375 0.4289906103286385 0.11145833333333333 0.21713615023474178
4 0.65 0.27523474178403756 0.07291666666666667 0.142018779342723
4 0.59140625 0.7599765258215962 0.18489583333333334 0.30164319248826293
4 0.8096354166666666 0.23826291079812206 0.05260416666666667 0.10093896713615023
