1 0.5052083333333334 0.6725352112676056 0.036458333333333336 0.08685446009389672
1 0.76953125 0.6889671361502347 0.03802083333333333 0.08450704225352113
1 0.8924479166666667 0.6267605633802817 0.022395833333333334 0.11032863849765258
1 0.9377604166666667 0.7294600938967136 0.03802083333333333 0.12323943661971831
1 0.13229166666666667 0.4853286384976526 0.03333333333333333 0.06455399061032864
2 0.5794270833333334 0.4289906103286385 0.07760416666666667 0.1091549295774648
2 0.6265625 0.6091549295774648 0.09791666666666667 0.11267605633802817
2 0.8171875 0.5575117370892019 0.0875 0.11502347417840376
2 0.8192708333333333 0.38791079812206575 0.046875 0.08568075117370892
2 0.8585937499999999 0.3057511737089202 0.058854166666666666 0.06924882629107981
2 0.7013020833333333 0.21244131455399062 0.04739583333333333 0.04225352112676056
2 0.7419270833333333 0.19014084507042253 0.049479166666666664 0.046948356807511735
4 0.7346354166666667 0.4935446009389671 0.07760416666666667 0.2007042253521127
4 0.7348958333333333 0.3116197183098592 0.0875 0.15610328638497653
4 0.8005208333333333 0.23650234741784038 0.065625 0.12323943661971831
4 0.8515625 0.1625586854460094 0.04895833333333333 0.06924882629107981
3 0.9393229166666667 0.41607981220657275 0.11302083333333333 0.3086854460093897
4 0.5942708333333333 0.806924882629108 0.14375 0.20774647887323944
