1 0.5091145833333334 0.6719483568075117 0.0421875 0.1068075117370892
1 0.7703125 0.6825117370892019 0.035416666666666666 0.09507042253521127
1 0.14244791666666667 0.4876760563380282 0.03802083333333333 0.0715962441314554
2 0.6221354166666666 0.6161971830985916 0.1015625 0.11032863849765258
2 0.8192708333333333 0.5492957746478874 0.084375 0.13615023474178403
2 0.82421875 0.375 0.04739583333333333 0.06924882629107981
2 0.8606770833333334 0.3163145539906103 0.0390625 0.07394366197183098
2 0.6927083333333334 0.22065727699530516 0.04375 0.046948356807511735
2 0.7434895833333334 0.18368544600938969 0.03697916666666667 0.045774647887323945
4 0.79765625 0.2482394366197183 0.0703125 0.13028169014084506
4 0.7372395833333333 0.3198356807511737 0.0734375 0.1255868544600939
4 0.7276041666666666 0.4835680751173709 0.07083333333333333 0.17605633802816903
4 0.5950520833333334 0.8092723004694836 0.10572916666666667 0.20774647887323944
4 0.83828125 0.8303990610328639 0.1171875 0.18661971830985916
4 0.8557291666666667 0.159037558685446 0.051041666666666666 0.07394366197183098
3 0.9375 0.4119718309859155 0.121875 0.3098591549295775
2 0.58203125 0.42077464788732394 0.0859375 0.1068075117370892
