1 0.8890625 0.8063380281690141 0.029166666666666667 0.11971830985915494
1 0.8796875 0.6907276995305165 0.034375 0.09741784037558686
1 0.9197916666666667 0.6572769953051644 0.026041666666666668 0.1056338028169014
1 0.884375 0.57981220657277 0.029166666666666667 0.07511737089201878
1 0.9549479166666667 0.6091549295774648 0.022395833333333334 0.1056338028169014
1 0.4973958333333333 0.5264084507042254 0.027083333333333334 0.05985915492957747
1 0.1703125 0.5328638497652582 0.025 0.07276995305164319
1 0.19557291666666665 0.45715962441314556 0.021354166666666667 0.05985915492957747
2 0.5713541666666666 0.7541079812206573 0.10208333333333333 0.16549295774647887
2 0.7872395833333333 0.6244131455399061 0.0734375 0.11971830985915494
2 0.7713541666666667 0.8497652582159625 0.11354166666666667 0.15023474178403756
2 0.8375 0.3362676056338028 0.05416666666666667 0.0715962441314554
2 0.8333333333333334 0.2822769953051643 0.04375 0.04107981220657277
4 0.69921875 0.443075117370892 0.08072916666666667 0.15845070422535212
4 0.7627604166666666 0.2904929577464789 0.03802083333333333 0.11150234741784038
4 0.8114583333333333 0.21889671361502347 0.057291666666666664 0.10446009389671362
4 0.8455729166666667 0.16666666666666666 0.0515625 0.10093896713615023
3 0.82890625 0.45892018779342725 0.0765625 0.19953051643192488
