1 0.8763020833333334 0.4812206572769953 0.021354166666666667 0.107981220657277
1 0.9106770833333333 0.6742957746478874 0.025520833333333333 0.1091549295774648
1 0.9268229166666666 0.835093896713615 0.03177083333333333 0.11384976525821597
1 0.9562499999999999 0.7065727699530516 0.025 0.11267605633802817
1 0.9684895833333333 0.556924882629108 0.027604166666666666 0.08802816901408451
1 0.9877604166666667 0.5046948356807511 0.021354166666666667 0.09154929577464789
1 0.9221354166666667 0.573943661971831 0.021354166666666667 0.06103286384976526
1 0.9328124999999999 0.5070422535211268 0.02395833333333333 0.07511737089201878
1 0.9309895833333334 0.4307511737089202 0.018229166666666668 0.05868544600938967
1 0.95859375 0.4055164319248826 0.013020833333333334 0.062206572769953054
1 0.8604166666666666 0.3585680751173709 0.0125 0.0528169014084507
1 0.87578125 0.34330985915492956 0.019270833333333334 0.07863849765258216
1 0.8369791666666666 0.34683098591549294 0.016666666666666666 0.062206572769953054
1 0.6791666666666667 0.2934272300469484 0.013541666666666667 0.051643192488262914
1 0.6486979166666667 0.2658450704225352 0.015104166666666667 0.06455399061032864
1 0.6072916666666667 0.3210093896713615 0.022916666666666665 0.0528169014084507
1 0.4940104166666667 0.7083333333333334 0.03802083333333333 0.09507042253521127
1 0.24583333333333332 0.7406103286384976 0.03333333333333333 0.09389671361502347
1 0.19453125 0.653169014084507 0.0328125 0.09272300469483569
2 0.6453125 0.3444835680751174 0.051041666666666666 0.10211267605633803
2 0.8221354166666667 0.6015258215962441 0.08489583333333334 0.17018779342723006
2 0.7598958333333333 0.8562206572769954 0.10729166666666666 0.13262910798122066
2 0.796875 0.4424882629107981 0.06875 0.107981220657277
2 0.7877604166666666 0.3080985915492958 0.030729166666666665 0.0528169014084507
4 0.7111979166666667 0.5275821596244131 0.0828125 0.1795774647887324
4 0.5924479166666666 0.8421361502347418 0.10364583333333333 0.1467136150234742
2 0.14765625 0.45892018779342725 0.07239583333333333 0.1056338028169014
2 0.5494791666666666 0.5534037558685446 0.084375 0.15610328638497653
3 0.7377604166666667 0.3403755868544601 0.07864583333333333 0.10093896713615023
4 0.72890625 0.22124413145539906 0.04635416666666667 0.08333333333333333
4 0.7984375 0.18955399061032865 0.04479166666666667 0.06924882629107981
