1 0.19114583333333332 0.6343896713615024 0.030208333333333334 0.08568075117370892
1 0.24270833333333333 0.7458920187793427 0.04895833333333333 0.10446009389671362
1 0.4934895833333333 0.6995305164319249 0.022395833333333334 0.08685446009389672
1 0.6083333333333333 0.3163145539906103 0.017708333333333333 0.04342723004694836
1 0.6763020833333333 0.2887323943661972 0.0171875 0.05868544600938967
1 0.6502604166666667 0.267018779342723 0.021354166666666667 0.05985915492957747
1 0.9208333333333333 0.8204225352112676 0.041666666666666664 0.13849765258215962
1 0.9611979166666667 0.7018779342723005 0.033854166666666664 0.11032863849765258
1 0.9013020833333333 0.6455399061032864 0.0328125 0.09859154929577466
1 0.9203125 0.5803990610328639 0.028125 0.08568075117370892
1 0.9692708333333333 0.5522300469483569 0.030208333333333334 0.09272300469483569
1 0.9861979166666667 0.49765258215962443 0.0265625 0.0892018779342723
1 0.9263020833333333 0.482981220657277 0.028645833333333332 0.07863849765258216
1 0.87734375 0.47124413145539906 0.0296875 0.08098591549295775
1 0.9265625 0.42136150234741787 0.026041666666666668 0.06103286384976526
1 0.9567708333333333 0.3984741784037559 0.01875 0.06455399061032864
1 0.8622395833333333 0.3767605633802817 0.018229166666666668 0.07042253521126761
1 0.8752604166666667 0.3444835680751174 0.0171875 0.05985915492957747
1 0.8427083333333333 0.3573943661971831 0.017708333333333333 0.062206572769953054
1 0.8497395833333333 0.32805164319248825 0.015104166666666667 0.0528169014084507
1 0.86875 0.3004694835680751 0.010416666666666666 0.04460093896713615
1 0.8958333333333334 0.3086854460093897 0.014583333333333334 0.051643192488262914
2 0.83046875 0.6173708920187794 0.0953125 0.20187793427230047
2 0.7908854166666667 0.4366197183098592 0.05364583333333333 0.09859154929577466
2 0.7575520833333333 0.8515258215962441 0.10052083333333334 0.1279342723004695
2 0.78671875 0.29812206572769956 0.03802083333333333 0.051643192488262914
2 0.6432291666666666 0.34624413145539906 0.058333333333333334 0.1056338028169014
2 0.5572916666666666 0.5757042253521127 0.09270833333333334 0.142018779342723
2 0.15286458333333333 0.46009389671361506 0.10781249999999999 0.10093896713615023
3 0.73203125 0.3550469483568075 0.0765625 0.13028169014084506
4 0.5890625 0.8509389671361502 0.13333333333333333 0.1619718309859155
4 0.7247395833333333 0.23708920187793428 0.05677083333333333 0.10093896713615023
4 0.7989583333333333 0.2007042253521127 0.03958333333333333 0.0892018779342723
