1 0.7403645833333333 0.3943661971830986 0.01614583333333333 0.08215962441314555
1 0.58984375 0.6115023474178404 0.027604166666666666 0.11267605633802817
1 0.30182291666666666 0.5064553990610329 0.027604166666666666 0.0715962441314554
1 0.8653645833333333 0.5404929577464789 0.0296875 0.1068075117370892
1 0.9471354166666667 0.5809859154929577 0.04114583333333333 0.107981220657277
1 0.9828125 0.5422535211267606 0.029166666666666667 0.11267605633802817
1 0.9213541666666667 0.5199530516431925 0.028125 0.10328638497652583
1 0.9249999999999999 0.45598591549295775 0.021875 0.0715962441314554
1 0.9684895833333333 0.4495305164319249 0.019270833333333334 0.08450704225352113
1 0.8328125 0.3268779342723005 0.016666666666666666 0.06924882629107981
1 0.7911458333333333 0.28462441314553993 0.02395833333333333 0.05046948356807512
1 0.8856770833333333 0.34507042253521125 0.024479166666666666 0.07511737089201878
1 0.7135416666666666 0.2335680751173709 0.016666666666666666 0.051643192488262914
2 0.7786458333333334 0.5921361502347418 0.07604166666666666 0.16079812206572772
2 0.8276041666666667 0.8615023474178404 0.11562499999999999 0.09389671361502347
2 0.6080729166666666 0.8397887323943662 0.14635416666666667 0.15610328638497653
2 0.6776041666666667 0.38028169014084506 0.057291666666666664 0.09154929577464789
2 0.8627604166666667 0.42018779342723006 0.0546875 0.09624413145539906
2 0.6153645833333333 0.3380281690140845 0.05572916666666666 0.06807511737089202
4 0.41302083333333334 0.6566901408450705 0.18854166666666666 0.2852112676056338
4 0.7510416666666666 0.27699530516431925 0.05 0.10328638497652583
