1 0.6197916666666666 0.4841549295774648 0.028125 0.10211267605633803
1 0.5716145833333334 0.8051643192488263 0.0296875 0.13849765258215962
1 0.3533854166666667 0.6519953051643192 0.0359375 0.09741784037558686
1 0.3104166666666667 0.5639671361502347 0.03333333333333333 0.09507042253521127
1 0.26276041666666666 0.4994131455399061 0.03177083333333333 0.08098591549295775
1 0.21223958333333334 0.4994131455399061 0.0265625 0.0715962441314554
1 0.15494791666666666 0.5346244131455399 0.025520833333333333 0.08098591549295775
4 0.8325520833333333 0.4982394366197183 0.07447916666666667 0.21009389671361503
4 0.7872395833333333 0.7822769953051644 0.1671875 0.2805164319248826
4 0.84921875 0.31220657276995306 0.06302083333333333 0.1619718309859155
3 0.8106770833333333 0.24119718309859156 0.0546875 0.1443661971830986
2 0.7322916666666667 0.3943661971830986 0.07604166666666666 0.10328638497652583
2 0.6138020833333333 0.3257042253521127 0.04739583333333333 0.08333333333333333
2 0.11302083333333333 0.42488262910798125 0.059375 0.11267605633802817
3 0.43072916666666666 0.20657276995305165 0.1 0.09154929577464789
