1 0.8361979166666667 0.2476525821596244 0.011979166666666666 0.06103286384976526
1 0.9372395833333333 0.5387323943661972 0.024479166666666666 0.07746478873239437
1 0.9536458333333333 0.6813380281690141 0.028125 0.09976525821596244
1 0.9765625 0.5985915492957746 0.021875 0.05868544600938967
1 0.9872395833333333 0.5211267605633803 0.024479166666666666 0.10093896713615023
1 0.9317708333333333 0.4348591549295775 0.019791666666666666 0.062206572769953054
1 0.3169270833333333 0.869718309859155 0.0484375 0.11032863849765258
1 0.9708333333333333 0.8685446009389671 0.04791666666666666 0.14084507042253522
2 0.5182291666666666 0.5915492957746479 0.1125 0.16901408450704225
2 0.1921875 0.5428403755868545 0.0875 0.09741784037558686
2 0.24817708333333333 0.7646713615023474 0.12343749999999999 0.1960093896713615
2 0.6614583333333334 0.4935446009389671 0.059375 0.11150234741784038
2 0.84375 0.7910798122065728 0.09791666666666667 0.20187793427230047
2 0.8664062499999999 0.4072769953051643 0.0796875 0.11032863849765258
2 0.8213541666666666 0.35269953051643194 0.03854166666666667 0.08333333333333333
2 0.7903645833333334 0.2992957746478873 0.049479166666666664 0.07276995305164319
2 0.73671875 0.2705399061032864 0.04010416666666666 0.08568075117370892
2 0.6739583333333333 0.31279342723004694 0.040625 0.0903755868544601
2 0.6528645833333333 0.25528169014084506 0.049479166666666664 0.062206572769953054
2 0.78671875 0.24061032863849766 0.034895833333333334 0.051643192488262914
2 0.8731770833333333 0.2640845070422535 0.03802083333333333 0.06103286384976526
4 0.6395833333333333 0.7517605633802817 0.15104166666666666 0.318075117370892
4 0.753125 0.15492957746478875 0.046875 0.08685446009389672
