1 0.44088541666666664 0.8327464788732395 0.05260416666666667 0.15140845070422534
1 0.41171874999999997 0.5064553990610329 0.0390625 0.09272300469483569
1 0.5640625 0.5645539906103286 0.035416666666666666 0.1056338028169014
1 0.7109375 0.7869718309859155 0.046875 0.15845070422535212
1 0.9200520833333333 0.7640845070422535 0.034895833333333334 0.15023474178403756
1 0.9572916666666667 0.7130281690140845 0.030208333333333334 0.09272300469483569
1 0.8833333333333333 0.5193661971830986 0.027083333333333334 0.08802816901408451
1 0.6666666666666666 0.2887323943661972 0.027083333333333334 0.06572769953051644
1 0.7046875 0.2605633802816901 0.020833333333333332 0.06572769953051644
1 0.7994791666666666 0.36619718309859156 0.02395833333333333 0.07042253521126761
1 0.8341145833333333 0.2857981220657277 0.021354166666666667 0.05985915492957747
1 0.9385416666666666 0.5692488262910799 0.022916666666666665 0.0892018779342723
1 0.9481770833333333 0.46009389671361506 0.018229166666666668 0.06572769953051644
1 0.9054687499999999 0.4301643192488263 0.024479166666666666 0.0715962441314554
1 0.8955729166666666 0.3609154929577465 0.01614583333333333 0.05516431924882629
2 0.8083333333333333 0.5017605633802817 0.06875 0.1091549295774648
2 0.8325520833333333 0.6954225352112676 0.11197916666666667 0.22887323943661972
2 0.6408854166666667 0.7564553990610329 0.10885416666666667 0.19131455399061034
2 0.7546875 0.3438967136150235 0.03854166666666667 0.09154929577464789
2 0.8411458333333334 0.38204225352112675 0.03958333333333333 0.09272300469483569
2 0.8658854166666666 0.3221830985915493 0.034895833333333334 0.07863849765258216
2 0.73515625 0.2511737089201878 0.027604166666666666 0.056338028169014086
3 0.63671875 0.22241784037558687 0.0984375 0.142018779342723
4 0.2328125 0.6426056338028169 0.13541666666666666 0.3274647887323944
4 0.66640625 0.4653755868544601 0.09739583333333333 0.22887323943661972
4 0.77890625 0.25234741784037557 0.057812499999999996 0.09154929577464789
