1 0.4083333333333333 0.5017605633802817 0.026041666666666668 0.07394366197183098
1 0.44635416666666666 0.8415492957746479 0.03958333333333333 0.17136150234741784
1 0.5598958333333334 0.5663145539906104 0.026041666666666668 0.08568075117370892
1 0.7151041666666667 0.7852112676056339 0.028125 0.14788732394366197
1 0.8822916666666667 0.5164319248826291 0.025 0.07981220657276995
1 0.9174479166666667 0.75 0.025520833333333333 0.15492957746478875
1 0.9549479166666667 0.7001173708920188 0.0296875 0.11854460093896714
1 0.7984375 0.3703051643192488 0.020833333333333332 0.07394366197183098
1 0.7033854166666667 0.2652582159624413 0.0140625 0.06338028169014084
1 0.6690104166666666 0.3028169014084507 0.030729166666666665 0.06103286384976526
1 0.8299479166666667 0.2881455399061033 0.0140625 0.04342723004694836
1 0.9049479166666666 0.4354460093896714 0.0203125 0.08450704225352113
1 0.9359375 0.5698356807511737 0.021875 0.10446009389671362
1 0.9494791666666667 0.4624413145539906 0.028125 0.08450704225352113
1 0.9294270833333333 0.488849765258216 0.018229166666666668 0.06690140845070423
1 0.8924479166666667 0.3620892018779343 0.021354166666666667 0.08098591549295775
2 0.7559895833333333 0.3456572769953052 0.050520833333333334 0.06455399061032864
2 0.8059895833333334 0.48826291079812206 0.06302083333333333 0.11502347417840376
2 0.8421875 0.380868544600939 0.03958333333333333 0.0903755868544601
2 0.734375 0.26115023474178406 0.035416666666666666 0.06455399061032864
2 0.8356770833333333 0.6842723004694836 0.09114583333333333 0.20892018779342725
2 0.6299479166666666 0.75 0.10885416666666667 0.18779342723004694
4 0.7755208333333333 0.2476525821596244 0.04479166666666667 0.09389671361502347
3 0.6447916666666667 0.2359154929577465 0.096875 0.1431924882629108
4 0.22734374999999998 0.6431924882629109 0.09427083333333333 0.34507042253521125
