1 0.5822916666666667 0.6613849765258216 0.02395833333333333 0.09507042253521127
1 0.20390624999999998 0.5246478873239436 0.024479166666666666 0.05868544600938967
1 0.90703125 0.7646713615023474 0.0296875 0.11384976525821597
1 0.9135416666666667 0.6631455399061033 0.025 0.09624413145539906
1 0.9114583333333334 0.5522300469483569 0.020833333333333332 0.08802816901408451
1 0.9703125 0.5944835680751174 0.022916666666666665 0.09272300469483569
1 0.8682291666666666 0.5446009389671361 0.021875 0.0892018779342723
1 0.8536458333333333 0.4612676056338028 0.017708333333333333 0.07042253521126761
1 0.8799479166666666 0.4477699530516432 0.0140625 0.06924882629107981
1 0.9145833333333333 0.448943661971831 0.016666666666666666 0.0715962441314554
1 0.94140625 0.5005868544600939 0.0171875 0.08333333333333333
1 0.9421875 0.40610328638497656 0.021875 0.07276995305164319
1 0.8140625 0.29577464788732394 0.014583333333333334 0.056338028169014086
2 0.41015625 0.6279342723004695 0.10364583333333333 0.1431924882629108
2 0.628125 0.34917840375586856 0.05416666666666667 0.09272300469483569
2 0.7450520833333333 0.45833333333333337 0.08072916666666667 0.10446009389671362
2 0.775 0.5715962441314554 0.08541666666666667 0.1267605633802817
2 0.8015625 0.772887323943662 0.11458333333333333 0.18427230046948356
2 0.834375 0.37089201877934275 0.053125 0.08215962441314555
2 0.7848958333333333 0.2869718309859155 0.040625 0.04812206572769953
2 0.65859375 0.2505868544600939 0.04739583333333333 0.0715962441314554
2 0.13828125 0.43603286384976525 0.07760416666666667 0.06455399061032864
4 0.7231770833333333 0.3080985915492958 0.0734375 0.1443661971830986
3 0.7520833333333333 0.15845070422535212 0.10416666666666667 0.11737089201877934
4 0.5421875 0.4225352112676056 0.09583333333333333 0.1971830985915493
4 0.17760416666666667 0.812793427230047 0.25416666666666665 0.2312206572769953
