1 0.6026041666666666 0.34507042253521125 0.020833333333333332 0.07042253521126761
1 0.4622395833333333 0.2312206572769953 0.0234375 0.056338028169014086
1 0.52109375 0.20833333333333334 0.024479166666666666 0.03403755868544601
1 0.7096354166666666 0.5187793427230047 0.021354166666666667 0.09154929577464789
1 0.75078125 0.392018779342723 0.024479166666666666 0.09154929577464789
1 0.8640625 0.710680751173709 0.025 0.09741784037558686
1 0.9020833333333333 0.835093896713615 0.03854166666666667 0.142018779342723
1 0.9518229166666666 0.7194835680751174 0.028645833333333332 0.09859154929577466
1 0.8911458333333333 0.6414319248826291 0.021875 0.1091549295774648
1 0.91953125 0.6003521126760564 0.0171875 0.09507042253521127
1 0.8734375 0.5322769953051644 0.015625 0.07394366197183098
1 0.8526041666666666 0.5768779342723005 0.027083333333333334 0.08098591549295775
1 0.9072916666666666 0.5041079812206573 0.022916666666666665 0.07394366197183098
1 0.9479166666666666 0.49882629107981225 0.022916666666666665 0.07511737089201878
1 0.9677083333333333 0.4565727699530516 0.0125 0.07042253521126761
1 0.928125 0.45598591549295775 0.016666666666666666 0.07629107981220658
1 0.8572916666666667 0.3597417840375587 0.0125 0.05046948356807512
1 0.77109375 0.2546948356807512 0.011979166666666666 0.04460093896713615
2 0.4315104166666667 0.7065727699530516 0.12135416666666667 0.15492957746478875
2 0.6325520833333333 0.5434272300469484 0.0703125 0.11502347417840376
2 0.7588541666666666 0.6455399061032864 0.08229166666666667 0.13615023474178403
2 0.8015625 0.45715962441314556 0.06041666666666667 0.08568075117370892
2 0.8039062499999999 0.34330985915492956 0.0359375 0.06690140845070423
2 0.8546874999999999 0.2734741784037559 0.042708333333333334 0.06807511737089202
2 0.8075520833333333 0.2664319248826291 0.033854166666666664 0.051643192488262914
4 0.6791666666666667 0.33568075117370894 0.071875 0.1784037558685446
4 0.69609375 0.20950704225352113 0.057812499999999996 0.08568075117370892
4 0.8171875 0.17077464788732394 0.057291666666666664 0.09272300469483569
