1 0.2643229166666667 0.789906103286385 0.04010416666666666 0.11737089201877934
1 0.5893229166666667 0.5199530516431925 0.0203125 0.11267605633802817
1 0.6291666666666667 0.47124413145539906 0.016666666666666666 0.09272300469483569
1 0.640625 0.363849765258216 0.025 0.08450704225352113
1 0.6268229166666667 0.2863849765258216 0.021354166666666667 0.07511737089201878
1 0.7421875 0.28931924882629106 0.015625 0.05751173708920188
1 0.8856770833333333 0.5938967136150235 0.0296875 0.10093896713615023
1 0.8942708333333333 0.8603286384976526 0.034375 0.08450704225352113
1 0.9481770833333333 0.7816901408450705 0.0265625 0.13615023474178403
1 0.8942708333333333 0.7153755868544601 0.029166666666666667 0.10446009389671362
1 0.9223958333333333 0.6244131455399061 0.027083333333333334 0.11032863849765258
1 0.8585937499999999 0.5410798122065728 0.03177083333333333 0.107981220657277
1 0.9135416666666667 0.5264084507042254 0.02395833333333333 0.11854460093896714
1 0.946875 0.5522300469483569 0.02395833333333333 0.12323943661971831
1 0.8752604166666667 0.4307511737089202 0.01614583333333333 0.0892018779342723
1 0.8494791666666667 0.3902582159624413 0.017708333333333333 0.08098591549295775
1 0.8973958333333333 0.3562206572769953 0.017708333333333333 0.06455399061032864
1 0.9169270833333333 0.3703051643192488 0.0171875 0.0715962441314554
2 0.5330729166666667 0.43720657276995306 0.057812499999999996 0.09507042253521127
2 0.7932291666666667 0.545774647887324 0.07604166666666666 0.11737089201877934
2 0.7833333333333333 0.4325117370892019 0.052083333333333336 0.0715962441314554
2 0.7768229166666667 0.3456572769953052 0.043229166666666666 0.06924882629107981
2 0.8143229166666667 0.3034037558685446 0.04114583333333333 0.05516431924882629
2 0.8341145833333333 0.2541079812206573 0.0328125 0.05046948356807512
2 0.21796875 0.6678403755868545 0.07552083333333333 0.14788732394366197
2 0.5395833333333333 0.8327464788732395 0.128125 0.17018779342723006
2 0.7473958333333334 0.7834507042253521 0.128125 0.2007042253521127
2 0.7166666666666667 0.22241784037558687 0.03958333333333333 0.06455399061032864
4 0.7783854166666666 0.1813380281690141 0.058854166666666666 0.08568075117370892
