1 0.5903645833333333 0.5258215962441315 0.021354166666666667 0.09859154929577466
1 0.27838541666666666 0.7705399061032864 0.050520833333333334 0.1091549295774648
1 0.6291666666666667 0.4782863849765258 0.014583333333333334 0.09272300469483569
1 0.64453125 0.3544600938967136 0.019270833333333334 0.07981220657276995
1 0.6265625 0.29401408450704225 0.011458333333333333 0.06455399061032864
1 0.6815104166666667 0.21009389671361503 0.018229166666666668 0.04929577464788733
1 0.7434895833333334 0.2875586854460094 0.0140625 0.056338028169014086
1 0.8783854166666667 0.41607981220657275 0.0203125 0.06690140845070423
1 0.86171875 0.539906103286385 0.024479166666666666 0.11267605633802817
1 0.8861979166666667 0.5921361502347418 0.0265625 0.1091549295774648
1 0.8940104166666667 0.7265258215962441 0.030729166666666665 0.1056338028169014
1 0.8953125 0.8656103286384976 0.0375 0.08098591549295775
1 0.9494791666666667 0.7811032863849765 0.04375 0.13262910798122066
1 0.928125 0.6355633802816901 0.027083333333333334 0.11619718309859155
1 0.9481770833333333 0.568075117370892 0.022395833333333334 0.107981220657277
1 0.9841145833333333 0.5516431924882629 0.0265625 0.09859154929577466
1 0.9424479166666666 0.43603286384976525 0.018229166666666668 0.06455399061032864
1 0.9197916666666667 0.47007042253521125 0.027083333333333334 0.07629107981220658
1 0.91875 0.3814553990610329 0.025 0.07981220657276995
1 0.8481770833333333 0.375 0.021354166666666667 0.08568075117370892
1 0.8971354166666666 0.3532863849765258 0.015104166666666667 0.0539906103286385
1 0.8776041666666666 0.3456572769953052 0.011458333333333333 0.05046948356807512
2 0.7138020833333333 0.2183098591549296 0.0265625 0.06338028169014084
2 0.775 0.44072769953051644 0.05416666666666667 0.0903755868544601
2 0.76875 0.34507042253521125 0.040625 0.05868544600938967
2 0.81640625 0.27816901408450706 0.0515625 0.0539906103286385
2 0.8278645833333333 0.2505868544600939 0.025520833333333333 0.05516431924882629
2 0.7880208333333333 0.528169014084507 0.06875 0.13849765258215962
2 0.7458333333333333 0.7940140845070423 0.10520833333333333 0.2147887323943662
2 0.5463541666666667 0.8327464788732395 0.14270833333333333 0.14906103286384978
2 0.2203125 0.664906103286385 0.075 0.09976525821596244
4 0.7794270833333333 0.16784037558685447 0.05260416666666667 0.08685446009389672
2 0.5341145833333333 0.42488262910798125 0.06822916666666666 0.10328638497652583
