1 0.4359375 0.727112676056338 0.026041666666666668 0.11384976525821597
1 0.6731770833333334 0.4242957746478873 0.0265625 0.09272300469483569
1 0.9515625 0.590962441314554 0.03333333333333333 0.11854460093896714
1 0.9864583333333333 0.8221830985915494 0.026041666666666668 0.21244131455399062
1 0.95 0.45774647887323944 0.020833333333333332 0.08685446009389672
1 0.9080729166666667 0.3814553990610329 0.01614583333333333 0.08685446009389672
2 0.61796875 0.5105633802816901 0.05572916666666666 0.11737089201877934
2 0.7791666666666667 0.4072769953051643 0.04791666666666666 0.09154929577464789
2 0.7161458333333334 0.3626760563380282 0.05520833333333333 0.06103286384976526
2 0.75390625 0.2693661971830986 0.057812499999999996 0.045774647887323945
2 0.6567708333333333 0.2634976525821596 0.04375 0.045774647887323945
2 0.15703125 0.4970657276995305 0.07760416666666667 0.07863849765258216
2 0.7927083333333333 0.3227699530516432 0.04479166666666667 0.046948356807511735
2 0.8244791666666667 0.2717136150234742 0.0375 0.04342723004694836
2 0.8114583333333333 0.2359154929577465 0.042708333333333334 0.04225352112676056
2 0.76953125 0.22007042253521128 0.027604166666666666 0.03873239436619719
2 0.6828125 0.22417840375586856 0.036458333333333336 0.03051643192488263
4 0.7768229166666667 0.16666666666666666 0.05677083333333333 0.05868544600938967
4 0.7940104166666666 0.7112676056338029 0.11510416666666666 0.3732394366197183
2 0.2109375 0.6068075117370892 0.08541666666666667 0.12910798122065728
