1 0.8778645833333333 0.42077464788732394 0.0234375 0.07394366197183098
1 0.9549479166666667 0.4935446009389671 0.022395833333333334 0.09976525821596244
1 0.9005208333333333 0.3796948356807512 0.021875 0.07394366197183098
1 0.8692708333333333 0.31396713615023475 0.019791666666666666 0.04812206572769953
1 0.9041666666666667 0.31220657276995306 0.010416666666666666 0.04460093896713615
1 0.20885416666666667 0.5557511737089202 0.028125 0.07629107981220658
1 0.17786458333333333 0.4765258215962441 0.027604166666666666 0.04929577464788733
2 0.7263020833333333 0.29284037558685444 0.043229166666666666 0.06690140845070423
2 0.6890625 0.38791079812206575 0.05625 0.11150234741784038
2 0.6346354166666667 0.562793427230047 0.09322916666666667 0.10446009389671362
2 0.5973958333333333 0.3855633802816901 0.05520833333333333 0.08568075117370892
2 0.61328125 0.306924882629108 0.050520833333333334 0.045774647887323945
2 0.5109375 0.448943661971831 0.07083333333333333 0.10446009389671362
2 0.6799479166666667 0.2353286384976526 0.0328125 0.04342723004694836
2 0.7981770833333334 0.3086854460093897 0.04739583333333333 0.05868544600938967
2 0.771875 0.2517605633802817 0.0375 0.04107981220657277
2 0.8252604166666666 0.25997652582159625 0.04010416666666666 0.06455399061032864
4 0.8190104166666666 0.4671361502347418 0.08177083333333333 0.2112676056338028
2 0.7778645833333333 0.778169014084507 0.10989583333333333 0.2323943661971831
