1 0.18932291666666667 0.7065727699530516 0.04114583333333333 0.12206572769953052
1 0.22005208333333334 0.8591549295774648 0.04635416666666667 0.08685446009389672
1 0.14427083333333332 0.4671361502347418 0.028125 0.06103286384976526
1 0.7015625 0.3415492957746479 0.021875 0.06572769953051644
1 0.7458333333333333 0.3814553990610329 0.01875 0.08215962441314555
1 0.8885416666666667 0.3984741784037559 0.016666666666666666 0.07394366197183098
1 0.87578125 0.5181924882629108 0.019270833333333334 0.11619718309859155
1 0.8966145833333333 0.4870892018779343 0.021354166666666667 0.07981220657276995
1 0.9588541666666667 0.613849765258216 0.027083333333333334 0.11971830985915494
1 0.9822916666666667 0.8644366197183099 0.027083333333333334 0.09507042253521127
1 0.92578125 0.397887323943662 0.019270833333333334 0.07042253521126761
1 0.8786458333333333 0.34976525821596244 0.017708333333333333 0.06103286384976526
3 0.8557291666666667 0.1273474178403756 0.05416666666666667 0.09507042253521127
2 0.6651041666666666 0.1643192488262911 0.057291666666666664 0.04460093896713615
2 0.8005208333333333 0.4295774647887324 0.04791666666666666 0.07981220657276995
2 0.7588541666666666 0.20246478873239437 0.030208333333333334 0.06455399061032864
2 0.8184895833333333 0.20774647887323944 0.028645833333333332 0.06103286384976526
4 0.7986979166666667 0.653169014084507 0.12552083333333333 0.36032863849765256
