1 0.8815104166666666 0.42664319248826293 0.0203125 0.07394366197183098
1 0.9559895833333333 0.49765258215962443 0.021354166666666667 0.07511737089201878
1 0.9036458333333334 0.3779342723004695 0.01875 0.06572769953051644
1 0.8697916666666666 0.31690140845070425 0.011458333333333333 0.035211267605633804
1 0.20625 0.5551643192488263 0.027083333333333334 0.07746478873239437
1 0.17421875 0.48063380281690143 0.030729166666666665 0.04107981220657277
2 0.8247395833333333 0.2511737089201878 0.04114583333333333 0.0539906103286385
2 0.79921875 0.3075117370892019 0.050520833333333334 0.046948356807511735
2 0.7885416666666667 0.36737089201877937 0.041666666666666664 0.03990610328638498
2 0.7234375 0.2881455399061033 0.058333333333333334 0.09741784037558686
2 0.6924479166666666 0.3914319248826291 0.04635416666666667 0.10211267605633803
2 0.6247395833333333 0.5721830985915493 0.0734375 0.11384976525821597
2 0.7817708333333333 0.7693661971830986 0.096875 0.2359154929577465
2 0.5997395833333333 0.38497652582159625 0.0734375 0.07511737089201878
2 0.5125 0.4442488262910798 0.07708333333333334 0.09507042253521127
2 0.6135416666666667 0.3104460093896714 0.052083333333333336 0.04107981220657277
2 0.68203125 0.232981220657277 0.033854166666666664 0.024647887323943664
2 0.7690104166666667 0.25234741784037557 0.043229166666666666 0.04929577464788733
4 0.8104166666666667 0.46185446009389675 0.09270833333333334 0.20539906103286384
4 0.81328125 0.13849765258215962 0.050520833333333334 0.06572769953051644
