1 0.17708333333333334 0.4935446009389671 0.035416666666666666 0.06924882629107981
1 0.95859375 0.6338028169014085 0.022395833333333334 0.09624413145539906
1 0.9864583333333333 0.5528169014084507 0.026041666666666668 0.11032863849765258
1 0.88125 0.3438967136150235 0.020833333333333332 0.05868544600938967
2 0.7403645833333333 0.27230046948356806 0.05677083333333333 0.06572769953051644
2 0.7041666666666666 0.3380281690140845 0.035416666666666666 0.05868544600938967
2 0.6658854166666667 0.4800469483568075 0.06927083333333334 0.10328638497652583
2 0.5953125 0.7147887323943662 0.10104166666666667 0.17136150234741784
2 0.7791666666666667 0.5234741784037559 0.08020833333333333 0.1619718309859155
2 0.91484375 0.4507042253521127 0.06510416666666667 0.107981220657277
2 0.8302083333333333 0.23943661971830987 0.052083333333333336 0.04225352112676056
2 0.6841145833333333 0.2136150234741784 0.05364583333333333 0.0539906103286385
2 0.62265625 0.29812206572769956 0.0484375 0.06338028169014084
2 0.1546875 0.8585680751173709 0.11041666666666666 0.1279342723004695
3 0.42161458333333335 0.6778169014084507 0.1046875 0.16314553990610328
4 0.8239583333333333 0.3485915492957747 0.07604166666666666 0.1643192488262911
