1 0.34140625 0.6384976525821596 0.028645833333333332 0.13145539906103287
1 0.8947916666666667 0.46361502347417843 0.019791666666666666 0.06572769953051644
1 0.9549479166666667 0.7664319248826291 0.0359375 0.13380281690140847
1 0.9361979166666666 0.44483568075117375 0.021354166666666667 0.07746478873239437
1 0.9559895833333333 0.39730046948356806 0.011979166666666666 0.04107981220657277
1 0.9752604166666666 0.5134976525821596 0.0296875 0.09976525821596244
2 0.22786458333333334 0.6103286384976526 0.0703125 0.14084507042253522
2 0.5221354166666666 0.409037558685446 0.06822916666666666 0.07394366197183098
2 0.5828125 0.4424882629107981 0.08020833333333333 0.11737089201877934
2 0.6760416666666667 0.40082159624413144 0.06770833333333333 0.08333333333333333
2 0.7109375 0.31572769953051644 0.05 0.0539906103286385
2 0.6419270833333334 0.2640845070422535 0.06614583333333333 0.04929577464788733
2 0.7463541666666667 0.23708920187793428 0.03333333333333333 0.04929577464788733
2 0.7309895833333333 0.1772300469483568 0.043229166666666666 0.03755868544600939
2 0.8026041666666667 0.1965962441314554 0.034375 0.04342723004694836
2 0.8312499999999999 0.30164319248826293 0.07083333333333333 0.07276995305164319
2 0.81796875 0.4107981220657277 0.057812499999999996 0.09859154929577466
2 0.7963541666666667 0.5252347417840376 0.09166666666666666 0.10446009389671362
2 0.7916666666666666 0.7376760563380282 0.09583333333333333 0.12323943661971831
2 0.6630208333333333 0.6883802816901409 0.09791666666666667 0.13732394366197184
