1 0.8815104166666666 0.7934272300469484 0.0453125 0.1431924882629108
1 0.7947916666666667 0.761150234741784 0.04583333333333333 0.11384976525821597
1 0.72265625 0.7529342723004695 0.0265625 0.1091549295774648
1 0.74375 0.625 0.03229166666666666 0.10446009389671362
1 0.6859375 0.6696009389671361 0.046875 0.0715962441314554
1 0.58203125 0.4348591549295775 0.0234375 0.0715962441314554
1 0.6546875 0.32629107981220656 0.027083333333333334 0.07276995305164319
1 0.5557291666666666 0.33098591549295775 0.016666666666666666 0.04460093896713615
1 0.19947916666666665 0.6214788732394366 0.035416666666666666 0.09976525821596244
1 0.15651041666666665 0.40023474178403756 0.0328125 0.056338028169014086
1 0.725 0.36913145539906106 0.013541666666666667 0.07394366197183098
1 0.75625 0.3532863849765258 0.020833333333333332 0.06807511737089202
1 0.71484375 0.2904929577464789 0.013020833333333334 0.04107981220657277
1 0.8885416666666667 0.33509389671361506 0.021875 0.04812206572769953
1 0.9197916666666667 0.39084507042253525 0.016666666666666666 0.04929577464788733
2 0.54609375 0.6748826291079812 0.08385416666666666 0.14788732394366197
2 0.67578125 0.4336854460093897 0.06510416666666667 0.08098591549295775
2 0.8416666666666667 0.284037558685446 0.05 0.06807511737089202
2 0.8606770833333334 0.23650234741784038 0.030729166666666665 0.045774647887323945
4 0.8161458333333333 0.47593896713615025 0.10104166666666667 0.2664319248826291
4 0.9401041666666666 0.5727699530516432 0.11875 0.29577464788732394
4 0.6296875 0.2693661971830986 0.051041666666666666 0.09741784037558686
4 0.6794270833333333 0.1983568075117371 0.07447916666666667 0.07276995305164319
4 0.7708333333333334 0.2347417840375587 0.058333333333333334 0.07276995305164319
