1 0.6830729166666667 0.7001173708920188 0.0265625 0.11854460093896714
1 0.64375 0.5892018779342724 0.025 0.09154929577464789
1 0.6442708333333333 0.4354460093896714 0.022916666666666665 0.0892018779342723
1 0.2643229166666667 0.5152582159624414 0.0265625 0.07746478873239437
1 0.9203125 0.7347417840375587 0.03333333333333333 0.1056338028169014
1 0.9661458333333334 0.7042253521126761 0.028125 0.1056338028169014
1 0.9481770833333333 0.6073943661971831 0.0234375 0.08802816901408451
1 0.8776041666666666 0.5733568075117371 0.03333333333333333 0.06924882629107981
1 0.9109375 0.5387323943661972 0.01875 0.10328638497652583
1 0.9330729166666667 0.5076291079812206 0.022395833333333334 0.0903755868544601
1 0.8809895833333333 0.4289906103286385 0.019270833333333334 0.0715962441314554
1 0.90234375 0.4518779342723005 0.015104166666666667 0.07511737089201878
1 0.9122395833333333 0.40669014084507044 0.021354166666666667 0.07863849765258216
1 0.9541666666666666 0.40316901408450706 0.019791666666666666 0.0715962441314554
1 0.9786458333333333 0.8444835680751174 0.035416666666666666 0.1443661971830986
2 0.79375 0.6009389671361502 0.059375 0.15492957746478875
2 0.8283854166666667 0.8174882629107981 0.09114583333333333 0.21244131455399062
2 0.7114583333333333 0.46009389671361506 0.06041666666666667 0.13849765258215962
2 0.6700520833333333 0.3620892018779343 0.06302083333333333 0.06690140845070423
2 0.6442708333333333 0.29988262910798125 0.03333333333333333 0.0528169014084507
2 0.6822916666666666 0.2482394366197183 0.028125 0.029342723004694836
2 0.7161458333333334 0.1977699530516432 0.036458333333333336 0.045774647887323945
2 0.53828125 0.8221830985915494 0.15885416666666666 0.22652582159624413
4 0.7700520833333333 0.2282863849765258 0.04739583333333333 0.11619718309859155
4 0.8307291666666666 0.29577464788732394 0.057291666666666664 0.12441314553990611
4 0.8171875 0.431924882629108 0.071875 0.17136150234741784
4 0.9059895833333333 0.2312206572769953 0.050520833333333334 0.12441314553990611
