1 0.8380208333333333 0.7230046948356808 0.042708333333333334 0.11971830985915494
1 0.5377604166666666 0.6244131455399061 0.030729166666666665 0.09389671361502347
1 0.4635416666666667 0.8755868544600939 0.04479166666666667 0.107981220657277
1 0.2986979166666667 0.8650234741784038 0.04635416666666667 0.07981220657276995
1 0.21614583333333334 0.42194835680751175 0.02395833333333333 0.07394366197183098
1 0.128125 0.4964788732394366 0.034375 0.06338028169014084
1 0.6640625 0.32981220657276994 0.017708333333333333 0.0539906103286385
1 0.7192708333333333 0.44014084507042256 0.02395833333333333 0.08685446009389672
1 0.8408854166666666 0.409037558685446 0.0140625 0.0528169014084507
1 0.8575520833333333 0.3785211267605634 0.0234375 0.09976525821596244
1 0.8833333333333333 0.3685446009389671 0.022916666666666665 0.07276995305164319
1 0.8973958333333333 0.4107981220657277 0.017708333333333333 0.07276995305164319
1 0.9 0.5017605633802817 0.02395833333333333 0.07394366197183098
1 0.9596354166666666 0.562793427230047 0.025520833333333333 0.07863849765258216
1 0.9434895833333333 0.4953051643192488 0.027604166666666666 0.09389671361502347
2 0.5833333333333334 0.7341549295774648 0.11562499999999999 0.18661971830985916
2 0.7526041666666666 0.6320422535211268 0.103125 0.15610328638497653
2 0.7861979166666666 0.45774647887323944 0.07239583333333333 0.11267605633802817
2 0.8609375 0.5933098591549296 0.06770833333333333 0.14906103286384978
2 0.8013020833333333 0.35035211267605637 0.030729166666666665 0.08098591549295775
2 0.7231770833333333 0.3251173708920188 0.05572916666666666 0.08215962441314555
2 0.753125 0.2306338028169014 0.04791666666666666 0.06924882629107981
2 0.6856770833333333 0.20657276995305165 0.05572916666666666 0.06338028169014084
4 0.8307291666666666 0.27992957746478875 0.046875 0.11150234741784038
4 0.24166666666666667 0.5903755868544601 0.090625 0.2934272300469484
