1 0.5822916666666667 0.4184272300469484 0.01875 0.0715962441314554
1 0.6333333333333333 0.35387323943661975 0.029166666666666667 0.08098591549295775
1 0.2598958333333333 0.45422535211267606 0.028125 0.06338028169014084
1 0.19088541666666667 0.7089201877934272 0.0390625 0.1056338028169014
1 0.9091145833333333 0.7476525821596244 0.05677083333333333 0.11737089201877934
1 0.9552083333333333 0.8474178403755869 0.029166666666666667 0.07511737089201878
1 0.7276041666666666 0.357981220657277 0.01875 0.06338028169014084
1 0.903125 0.6314553990610329 0.036458333333333336 0.07981220657276995
1 0.9484374999999999 0.5727699530516432 0.034375 0.07981220657276995
2 0.6716145833333333 0.4565727699530516 0.06822916666666666 0.11032863849765258
2 0.63828125 0.647887323943662 0.08802083333333333 0.1431924882629108
2 0.5786458333333333 0.35269953051643194 0.05520833333333333 0.08333333333333333
2 0.159375 0.4677230046948357 0.07395833333333333 0.0528169014084507
2 0.6770833333333334 0.3039906103286385 0.06145833333333333 0.07511737089201878
2 0.7296875 0.22652582159624413 0.040625 0.056338028169014086
2 0.8546874999999999 0.36502347417840375 0.053125 0.07276995305164319
2 0.8742187499999999 0.5422535211267606 0.0515625 0.10328638497652583
2 0.7684895833333333 0.6607981220657277 0.07447916666666667 0.14084507042253522
2 0.78203125 0.33509389671361506 0.04739583333333333 0.04812206572769953
3 0.7817708333333333 0.465962441314554 0.08125 0.17605633802816903
4 0.8505208333333333 0.22007042253521128 0.046875 0.08568075117370892
