1 0.9447916666666667 0.5715962441314554 0.03333333333333333 0.1056338028169014
1 0.9067708333333333 0.6255868544600939 0.030208333333333334 0.11737089201877934
1 0.9109375 0.7470657276995305 0.028125 0.09741784037558686
1 0.9484374999999999 0.8345070422535211 0.03229166666666666 0.09859154929577466
1 0.5822916666666667 0.4289906103286385 0.03229166666666666 0.0715962441314554
1 0.6341145833333334 0.3585680751173709 0.018229166666666668 0.06924882629107981
1 0.725 0.36795774647887325 0.01875 0.08802816901408451
1 0.259375 0.45598591549295775 0.027083333333333334 0.0715962441314554
1 0.18880208333333334 0.7001173708920188 0.030729166666666665 0.10211267605633803
2 0.6822916666666666 0.306924882629108 0.05416666666666667 0.08098591549295775
2 0.6692708333333334 0.46830985915492956 0.059375 0.11737089201877934
2 0.6408854166666667 0.6461267605633803 0.08489583333333334 0.14906103286384978
2 0.7627604166666666 0.6631455399061033 0.0890625 0.16666666666666666
2 0.575 0.3474178403755869 0.04375 0.08450704225352113
2 0.1578125 0.47593896713615025 0.08229166666666667 0.07629107981220658
2 0.8575520833333333 0.3779342723004695 0.0609375 0.1056338028169014
2 0.8828125 0.5352112676056339 0.05625 0.11737089201877934
2 0.7841145833333333 0.35093896713615025 0.0328125 0.06338028169014084
2 0.821875 0.28931924882629106 0.035416666666666666 0.06455399061032864
3 0.78515625 0.4671361502347418 0.08177083333333333 0.1784037558685446
