1 0.5973958333333333 0.443075117370892 0.02395833333333333 0.08568075117370892
1 0.6309895833333333 0.42194835680751175 0.018229166666666668 0.062206572769953054
1 0.64296875 0.5140845070422535 0.0203125 0.07981220657276995
1 0.6997395833333333 0.5586854460093896 0.015104166666666667 0.07042253521126761
1 0.6953125 0.47887323943661975 0.026041666666666668 0.08685446009389672
1 0.7518229166666667 0.6032863849765259 0.022395833333333334 0.107981220657277
1 0.78125 0.6860328638497653 0.029166666666666667 0.10211267605633803
1 0.8658854166666666 0.7881455399061033 0.028645833333333332 0.12323943661971831
1 0.8557291666666667 0.6502347417840376 0.026041666666666668 0.07746478873239437
1 0.9072916666666666 0.6226525821596244 0.02395833333333333 0.1068075117370892
1 0.9390625 0.7253521126760564 0.027083333333333334 0.11032863849765258
1 0.9677083333333333 0.6285211267605634 0.02395833333333333 0.11150234741784038
1 0.8528645833333334 0.5551643192488263 0.030729166666666665 0.08215962441314555
1 0.8299479166666667 0.4782863849765258 0.024479166666666666 0.07863849765258216
1 0.19739583333333333 0.4278169014084507 0.027083333333333334 0.062206572769953054
1 0.7908854166666667 0.44014084507042256 0.0203125 0.05868544600938967
1 0.9041666666666667 0.5187793427230047 0.022916666666666665 0.07746478873239437
1 0.8828125 0.4336854460093897 0.016666666666666666 0.05985915492957747
1 0.91796875 0.4442488262910798 0.019270833333333334 0.05985915492957747
1 0.8796875 0.3427230046948357 0.014583333333333334 0.051643192488262914
1 0.85625 0.3221830985915493 0.014583333333333334 0.05516431924882629
1 0.8380208333333333 0.32159624413145543 0.014583333333333334 0.051643192488262914
2 0.6604166666666667 0.2359154929577465 0.04583333333333333 0.06338028169014084
2 0.20052083333333334 0.5598591549295775 0.07395833333333333 0.11502347417840376
2 0.6971354166666667 0.35387323943661975 0.05364583333333333 0.11150234741784038
2 0.79296875 0.35093896713615025 0.057812499999999996 0.08685446009389672
4 0.5885416666666666 0.6748826291079812 0.13541666666666666 0.2746478873239437
2 0.7630208333333334 0.8480046948356808 0.12083333333333333 0.16784037558685447
3 0.5916666666666667 0.3333333333333333 0.065625 0.12206572769953052
4 0.46510416666666665 0.19953051643192488 0.096875 0.13145539906103287
4 0.7385416666666667 0.1443661971830986 0.05625 0.06338028169014084
4 0.7557291666666667 0.26467136150234744 0.05416666666666667 0.09272300469483569
