1 0.7020833333333333 0.34800469483568075 0.019791666666666666 0.07863849765258216
1 0.7463541666666667 0.3814553990610329 0.016666666666666666 0.10093896713615023
1 0.87578125 0.522887323943662 0.019270833333333334 0.11854460093896714
1 0.8989583333333333 0.4865023474178404 0.028125 0.09507042253521127
1 0.95703125 0.6150234741784038 0.033854166666666664 0.12206572769953052
1 0.98125 0.8673708920187794 0.035416666666666666 0.10328638497652583
1 0.8854166666666666 0.392018779342723 0.019791666666666666 0.06807511737089202
1 0.9263020833333333 0.3949530516431925 0.021354166666666667 0.06690140845070423
1 0.19348958333333333 0.721830985915493 0.049479166666666664 0.13849765258215962
1 0.21770833333333334 0.8550469483568075 0.041666666666666664 0.12323943661971831
1 0.14140625 0.4653755868544601 0.0328125 0.07863849765258216
4 0.8015625 0.6637323943661972 0.11979166666666667 0.36971830985915494
4 0.8596354166666667 0.24413145539906103 0.04635416666666667 0.12206572769953052
2 0.80234375 0.4354460093896714 0.0515625 0.08215962441314555
2 0.7604166666666666 0.20833333333333334 0.041666666666666664 0.07629107981220658
2 0.8127604166666667 0.2153755868544601 0.03802083333333333 0.06924882629107981
