1 0.5747395833333333 0.306924882629108 0.0234375 0.06924882629107981
1 0.74140625 0.3515258215962441 0.0234375 0.06455399061032864
1 0.83359375 0.5387323943661972 0.0328125 0.11502347417840376
1 0.8546874999999999 0.4835680751173709 0.02395833333333333 0.08215962441314555
1 0.8677083333333333 0.40669014084507044 0.017708333333333333 0.05985915492957747
1 0.87734375 0.35563380281690143 0.0265625 0.07981220657276995
1 0.8273437499999999 0.3251173708920188 0.01614583333333333 0.06103286384976526
1 0.26848958333333334 0.5070422535211268 0.0296875 0.09389671361502347
1 0.165625 0.5751173708920188 0.028125 0.09624413145539906
1 0.19453125 0.5240610328638498 0.04010416666666666 0.07394366197183098
1 0.18984375 0.44659624413145543 0.021354166666666667 0.04812206572769953
1 0.12005208333333334 0.4894366197183099 0.028645833333333332 0.06807511737089202
1 0.8580729166666666 0.7417840375586855 0.030729166666666665 0.09624413145539906
2 0.7559895833333333 0.5311032863849765 0.06822916666666666 0.13497652582159625
2 0.7252604166666666 0.7987089201877935 0.08802083333333333 0.20305164319248828
2 0.6067708333333334 0.6343896713615024 0.08333333333333333 0.13732394366197184
2 0.6002604166666666 0.3444835680751174 0.044270833333333336 0.06924882629107981
2 0.6854166666666667 0.20246478873239437 0.030208333333333334 0.04342723004694836
2 0.7947916666666667 0.39260563380281693 0.042708333333333334 0.09976525821596244
2 0.3809895833333333 0.2177230046948357 0.0703125 0.062206572769953054
4 0.7234375 0.272887323943662 0.04895833333333333 0.0903755868544601
4 0.675 0.41607981220657275 0.071875 0.16784037558685447
4 0.6794270833333333 0.1437793427230047 0.0609375 0.08333333333333333
