1 0.7408854166666666 0.3585680751173709 0.022395833333333334 0.08098591549295775
1 0.6880208333333333 0.4642018779342723 0.03125 0.09272300469483569
1 0.6481770833333333 0.32805164319248825 0.028645833333333332 0.0715962441314554
1 0.8794270833333333 0.45774647887323944 0.0296875 0.08450704225352113
1 0.8450520833333334 0.40375586854460094 0.019270833333333334 0.07981220657276995
1 0.9234375 0.4477699530516432 0.029166666666666667 0.06690140845070423
1 0.9619791666666666 0.41431924882629106 0.020833333333333332 0.0892018779342723
1 0.2513020833333333 0.392018779342723 0.030729166666666665 0.07042253521126761
2 0.5140625 0.5334507042253521 0.09479166666666666 0.1396713615023474
2 0.20286458333333332 0.528755868544601 0.08802083333333333 0.1279342723004695
2 0.5791666666666666 0.7711267605633803 0.07395833333333333 0.18779342723004694
2 0.6440104166666667 0.5563380281690141 0.06927083333333334 0.14553990610328638
2 0.7682291666666666 0.5410798122065728 0.06458333333333333 0.14553990610328638
2 0.8015625 0.42194835680751175 0.04583333333333333 0.07629107981220658
2 0.9114583333333334 0.551056338028169 0.071875 0.11150234741784038
2 0.6817708333333333 0.2946009389671362 0.05520833333333333 0.04929577464788733
2 0.6515625 0.24471830985915494 0.05 0.08802816901408451
4 0.9416666666666667 0.7453051643192489 0.11562499999999999 0.29812206572769956
3 0.23958333333333334 0.7875586854460094 0.29791666666666666 0.284037558685446
4 0.7440104166666667 0.2476525821596244 0.04739583333333333 0.07981220657276995
