1 0.6895833333333333 0.45598591549295775 0.026041666666666668 0.062206572769953054
1 0.7450520833333333 0.3573943661971831 0.0171875 0.07863849765258216
1 0.64921875 0.3362676056338028 0.021354166666666667 0.062206572769953054
1 0.2484375 0.3890845070422535 0.03229166666666666 0.07394366197183098
1 0.19635416666666666 0.2681924882629108 0.034375 0.04342723004694836
1 0.875 0.4518779342723005 0.027083333333333334 0.07042253521126761
1 0.8411458333333334 0.40316901408450706 0.021875 0.06690140845070423
1 0.8463541666666666 0.3427230046948357 0.021875 0.05868544600938967
1 0.91796875 0.42488262910798125 0.025520833333333333 0.09154929577464789
2 0.6744791666666666 0.28286384976525825 0.041666666666666664 0.06338028169014084
2 0.6453125 0.24589201877934272 0.041666666666666664 0.08568075117370892
2 0.678125 0.3884976525821596 0.05416666666666667 0.11737089201877934
2 0.5125 0.54518779342723 0.096875 0.14906103286384978
2 0.5872395833333334 0.784037558685446 0.11302083333333333 0.19014084507042253
2 0.20078125 0.5387323943661972 0.08072916666666667 0.11032863849765258
2 0.13958333333333334 0.2904929577464789 0.041666666666666664 0.062206572769953054
2 0.90625 0.5498826291079812 0.09270833333333334 0.1068075117370892
2 0.8059895833333334 0.42194835680751175 0.050520833333333334 0.09741784037558686
2 0.7791666666666667 0.551056338028169 0.07708333333333334 0.142018779342723
4 0.7458333333333333 0.24471830985915494 0.04895833333333333 0.07394366197183098
3 0.21067708333333332 0.8016431924882629 0.3109375 0.26291079812206575
4 0.9291666666666667 0.7652582159624414 0.140625 0.29577464788732394
