1 0.51953125 0.8650234741784038 0.044270833333333336 0.12206572769953052
1 0.5510416666666667 0.744718309859155 0.0375 0.10211267605633803
1 0.5229166666666667 0.6748826291079812 0.0375 0.09859154929577466
1 0.575 0.6384976525821596 0.029166666666666667 0.11267605633802817
1 0.3184895833333333 0.653755868544601 0.034895833333333334 0.11267605633802817
1 0.27421875 0.6449530516431925 0.033854166666666664 0.1068075117370892
1 0.678125 0.801056338028169 0.051041666666666666 0.12323943661971831
1 0.73359375 0.40962441314553993 0.019270833333333334 0.06338028169014084
1 0.75546875 0.39084507042253525 0.0203125 0.07511737089201878
1 0.8192708333333333 0.3791079812206573 0.022916666666666665 0.06338028169014084
1 0.83203125 0.33861502347417843 0.011979166666666666 0.05751173708920188
1 0.86171875 0.482981220657277 0.024479166666666666 0.0903755868544601
1 0.8723958333333334 0.4454225352112676 0.027083333333333334 0.11150234741784038
1 0.8937499999999999 0.5956572769953051 0.027083333333333334 0.07863849765258216
1 0.8893229166666666 0.7124413145539906 0.0359375 0.12441314553990611
1 0.8479166666666667 0.8609154929577465 0.03333333333333333 0.1091549295774648
1 0.9270833333333334 0.801056338028169 0.040625 0.1443661971830986
1 0.9645833333333333 0.6737089201877935 0.026041666666666668 0.11032863849765258
1 0.9489583333333333 0.5704225352112676 0.01875 0.1056338028169014
1 0.9143229166666667 0.5475352112676056 0.0140625 0.07863849765258216
1 0.93359375 0.482981220657277 0.0265625 0.08802816901408451
1 0.9390625 0.3961267605633803 0.026041666666666668 0.08568075117370892
1 0.9770833333333333 0.44190140845070425 0.026041666666666668 0.08568075117370892
1 0.9846354166666667 0.5199530516431925 0.019270833333333334 0.06103286384976526
1 0.7666666666666666 0.26173708920187794 0.016666666666666666 0.056338028169014086
2 0.8080729166666667 0.6349765258215962 0.0828125 0.14788732394366197
2 0.80859375 0.45598591549295775 0.0640625 0.12089201877934272
2 0.5419270833333333 0.517018779342723 0.0796875 0.11854460093896714
3 0.4458333333333333 0.6602112676056339 0.134375 0.22417840375586856
2 0.21953124999999998 0.5985915492957746 0.044270833333333336 0.11267605633802817
2 0.1703125 0.465962441314554 0.08645833333333333 0.0892018779342723
2 0.79921875 0.31279342723004694 0.03697916666666667 0.08568075117370892
3 0.57421875 0.31690140845070425 0.14114583333333333 0.22065727699530516
4 0.6598958333333333 0.4014084507042254 0.08958333333333333 0.1596244131455399
4 0.6776041666666667 0.5809859154929577 0.128125 0.2323943661971831
4 0.88125 0.32159624413145543 0.06354166666666666 0.15023474178403756
