1 0.475 0.7053990610328639 0.030208333333333334 0.11737089201877934
1 0.5161458333333333 0.6379107981220657 0.02395833333333333 0.11150234741784038
1 0.57265625 0.6490610328638498 0.025520833333333333 0.12441314553990611
1 0.5471354166666667 0.5704225352112676 0.019270833333333334 0.07511737089201878
1 0.5799479166666667 0.5498826291079812 0.0203125 0.10446009389671362
1 0.6190104166666667 0.539906103286385 0.0203125 0.10093896713615023
1 0.6768229166666666 0.6625586854460094 0.030729166666666665 0.1279342723004695
1 0.27838541666666666 0.5158450704225352 0.022395833333333334 0.09507042253521127
1 0.7859375 0.5645539906103286 0.02395833333333333 0.11502347417840376
1 0.8117187499999999 0.4859154929577465 0.030729166666666665 0.08450704225352113
1 0.88671875 0.8215962441314554 0.030729166666666665 0.13615023474178403
1 0.89296875 0.6514084507042254 0.0328125 0.09624413145539906
1 0.8684895833333334 0.5674882629107981 0.018229166666666668 0.09272300469483569
1 0.84375 0.5211267605633803 0.027083333333333334 0.10093896713615023
1 0.8940104166666667 0.49178403755868544 0.0203125 0.07981220657276995
1 0.9541666666666666 0.6431924882629109 0.04583333333333333 0.13380281690140847
1 0.9601562499999999 0.7593896713615024 0.034895833333333334 0.09624413145539906
1 0.859375 0.4137323943661972 0.013541666666666667 0.05751173708920188
1 0.93828125 0.5211267605633803 0.021354166666666667 0.07981220657276995
1 0.7552083333333334 0.39730046948356806 0.017708333333333333 0.0715962441314554
1 0.84140625 0.3626760563380282 0.0203125 0.06807511737089202
1 0.8200520833333333 0.323943661971831 0.013020833333333334 0.05868544600938967
1 0.9208333333333333 0.4107981220657277 0.01875 0.06572769953051644
2 0.7828125 0.7541079812206573 0.08229166666666667 0.20539906103286384
2 0.8018229166666666 0.3914319248826291 0.0546875 0.09272300469483569
2 0.615625 0.33568075117370894 0.0625 0.07276995305164319
2 0.20208333333333334 0.7681924882629109 0.10208333333333333 0.1795774647887324
2 0.18411458333333333 0.5093896713615024 0.06822916666666666 0.09389671361502347
2 0.5598958333333334 0.8562206572769954 0.13541666666666666 0.1255868544600939
4 0.70546875 0.45892018779342725 0.08489583333333334 0.22065727699530516
4 0.6877604166666667 0.3286384976525822 0.06927083333333334 0.12206572769953052
3 0.521875 0.47711267605633806 0.09270833333333334 0.1467136150234742
4 0.8776041666666666 0.24119718309859156 0.03958333333333333 0.1396713615023474
3 0.7557291666666667 0.25997652582159625 0.05416666666666667 0.1068075117370892
3 0.6677083333333333 0.20657276995305165 0.10104166666666667 0.1431924882629108
3 0.1765625 0.267018779342723 0.09375 0.11619718309859155
