1 0.9059895833333333 0.835093896713615 0.03177083333333333 0.11150234741784038
1 0.8770833333333333 0.7259389671361502 0.027083333333333334 0.13028169014084506
1 0.90390625 0.6936619718309859 0.0234375 0.11502347417840376
1 0.9328124999999999 0.6296948356807512 0.015625 0.10446009389671362
1 0.9562499999999999 0.7312206572769954 0.013541666666666667 0.09859154929577466
1 0.17291666666666666 0.7811032863849765 0.03333333333333333 0.09976525821596244
1 0.21145833333333333 0.42370892018779344 0.020833333333333332 0.07042253521126761
1 0.14583333333333334 0.3796948356807512 0.03958333333333333 0.062206572769953054
2 0.7786458333333334 0.7470657276995305 0.08020833333333333 0.181924882629108
2 0.7588541666666666 0.49413145539906106 0.06354166666666666 0.13380281690140847
2 0.7895833333333333 0.3703051643192488 0.03229166666666666 0.10211267605633803
2 0.63203125 0.30164319248826293 0.030729166666666665 0.05868544600938967
2 0.16223958333333333 0.528169014084507 0.06510416666666667 0.07746478873239437
2 0.7033854166666667 0.3116197183098592 0.03802083333333333 0.0715962441314554
2 0.6864583333333333 0.4113849765258216 0.08020833333333333 0.1279342723004695
3 0.9015624999999999 0.431924882629108 0.109375 0.27699530516431925
4 0.7755208333333333 0.2793427230046948 0.0625 0.13615023474178403
4 0.7458333333333333 0.22007042253521128 0.051041666666666666 0.09507042253521127
