1 0.8807291666666667 0.727699530516432 0.021875 0.13380281690140847
1 0.8942708333333333 0.8327464788732395 0.030208333333333334 0.08568075117370892
1 0.9054687499999999 0.6895539906103286 0.025520833333333333 0.1068075117370892
1 0.959375 0.7188967136150235 0.026041666666666668 0.11854460093896714
1 0.9348958333333334 0.6390845070422535 0.01875 0.08568075117370892
1 0.21848958333333332 0.4242957746478873 0.025520833333333333 0.05751173708920188
1 0.14947916666666666 0.38497652582159625 0.022916666666666665 0.05868544600938967
1 0.16796875 0.7928403755868545 0.0390625 0.12323943661971831
2 0.7682291666666666 0.5099765258215962 0.05520833333333333 0.142018779342723
2 0.7927083333333333 0.3732394366197183 0.052083333333333336 0.1056338028169014
2 0.6979166666666666 0.3996478873239437 0.046875 0.11854460093896714
2 0.70625 0.2975352112676056 0.052083333333333336 0.05985915492957747
2 0.634375 0.3051643192488263 0.0375 0.051643192488262914
2 0.17161458333333332 0.5269953051643192 0.09114583333333333 0.09624413145539906
2 0.7877604166666666 0.7376760563380282 0.07760416666666667 0.18661971830985916
4 0.7739583333333333 0.2857981220657277 0.06041666666666667 0.10211267605633803
4 0.7447916666666666 0.21068075117370894 0.05416666666666667 0.07863849765258216
3 0.9010416666666666 0.43838028169014087 0.10520833333333333 0.25704225352112675
