1 0.8450520833333334 0.42370892018779344 0.022395833333333334 0.07746478873239437
1 0.8736979166666666 0.852112676056338 0.024479166666666666 0.0892018779342723
1 0.6848958333333334 0.27230046948356806 0.016666666666666666 0.06103286384976526
1 0.8468749999999999 0.33568075117370894 0.009375 0.06103286384976526
1 0.8669270833333333 0.3796948356807512 0.009895833333333333 0.06455399061032864
1 0.8786458333333333 0.3174882629107981 0.008333333333333333 0.05516431924882629
1 0.9408854166666667 0.4647887323943662 0.011979166666666666 0.07276995305164319
1 0.9151041666666666 0.39260563380281693 0.021875 0.06924882629107981
1 0.9874999999999999 0.5962441314553991 0.017708333333333333 0.12206572769953052
2 0.6104166666666666 0.3163145539906103 0.046875 0.07863849765258216
2 0.7216145833333333 0.35269953051643194 0.043229166666666666 0.07394366197183098
2 0.8015625 0.29284037558685444 0.035416666666666666 0.062206572769953054
2 0.8143229166666667 0.22769953051643194 0.0328125 0.04929577464788733
2 0.8098958333333334 0.38321596244131456 0.03854166666666667 0.09741784037558686
2 0.8963541666666667 0.5264084507042254 0.06041666666666667 0.142018779342723
4 0.7453125 0.471830985915493 0.1 0.2605633802816901
4 0.6135416666666667 0.5275821596244131 0.071875 0.20539906103286384
4 0.22317708333333333 0.5311032863849765 0.0953125 0.21009389671361503
2 0.73984375 0.25821596244131456 0.04010416666666666 0.08215962441314555
3 0.8841145833333334 0.19131455399061034 0.044270833333333336 0.107981220657277
4 0.7950520833333333 0.15610328638497653 0.049479166666666664 0.06338028169014084
