1 0.725 0.5046948356807511 0.020833333333333332 0.10093896713615023
1 0.30234375 0.8573943661971831 0.049479166666666664 0.09976525821596244
1 0.228125 0.5974178403755869 0.030208333333333334 0.0892018779342723
1 0.9591145833333333 0.471830985915493 0.024479166666666666 0.09154929577464789
1 0.8953125 0.2904929577464789 0.013541666666666667 0.05046948356807512
2 0.8111979166666666 0.5076291079812206 0.06822916666666666 0.14906103286384978
2 0.6989583333333333 0.3961267605633803 0.06354166666666666 0.09507042253521127
2 0.7776041666666667 0.8327464788732395 0.10729166666666666 0.18427230046948356
3 0.92421875 0.6919014084507042 0.10885416666666667 0.25234741784037557
2 0.9015624999999999 0.4442488262910798 0.06354166666666666 0.12323943661971831
2 0.8578125 0.3438967136150235 0.04895833333333333 0.10328638497652583
2 0.16927083333333334 0.44483568075117375 0.07395833333333333 0.10328638497652583
2 0.19635416666666666 0.8374413145539906 0.14166666666666666 0.1467136150234742
2 0.7739583333333333 0.21068075117370894 0.028125 0.06690140845070423
4 0.5533854166666666 0.7323943661971831 0.19635416666666666 0.36619718309859156
4 0.7713541666666667 0.34683098591549294 0.065625 0.16784037558685447
