1 0.6549479166666666 0.6408450704225352 0.034895833333333334 0.11737089201877934
1 0.6760416666666667 0.5252347417840376 0.019791666666666666 0.09272300469483569
1 0.6434895833333333 0.4025821596244131 0.01614583333333333 0.08685446009389672
1 0.32760416666666664 0.7024647887323944 0.04895833333333333 0.09976525821596244
1 0.8117187499999999 0.3884976525821596 0.018229166666666668 0.06338028169014084
2 0.78828125 0.33098591549295775 0.04114583333333333 0.08215962441314555
2 0.91015625 0.6666666666666666 0.08802083333333333 0.18309859154929578
3 0.8645833333333334 0.3738262910798122 0.041666666666666664 0.11854460093896714
2 0.5559895833333334 0.5052816901408451 0.07135416666666666 0.1396713615023474
2 0.5408854166666667 0.3744131455399061 0.049479166666666664 0.09624413145539906
2 0.6606770833333333 0.24882629107981222 0.043229166666666666 0.04929577464788733
2 0.79375 0.7951877934272301 0.08541666666666667 0.20305164319248828
4 0.7044270833333334 0.33509389671361506 0.0765625 0.17018779342723006
4 0.7356770833333334 0.2359154929577465 0.0515625 0.107981220657277
4 0.8265625 0.2347417840375587 0.051041666666666666 0.1056338028169014
4 0.7614583333333333 0.4565727699530516 0.052083333333333336 0.1431924882629108
4 0.9169270833333333 0.44483568075117375 0.06927083333333334 0.18779342723004694
