1 0.10208333333333333 0.488849765258216 0.019791666666666666 0.08098591549295775
1 0.6861979166666666 0.5551643192488263 0.0234375 0.1056338028169014
1 0.74375 0.5575117370892019 0.022916666666666665 0.11502347417840376
1 0.81328125 0.7007042253521127 0.025520833333333333 0.13380281690140847
1 0.8385416666666666 0.5070422535211268 0.019791666666666666 0.08450704225352113
1 0.7502604166666667 0.3937793427230047 0.018229166666666668 0.0903755868544601
1 0.7307291666666667 0.3644366197183099 0.017708333333333333 0.08568075117370892
1 0.8630208333333333 0.35093896713615025 0.015625 0.08450704225352113
1 0.8903645833333333 0.5557511737089202 0.022395833333333334 0.1068075117370892
1 0.9416666666666667 0.6514084507042254 0.026041666666666668 0.13615023474178403
1 0.90390625 0.8386150234741784 0.025520833333333333 0.13497652582159625
1 0.9330729166666667 0.47476525821596244 0.024479166666666666 0.11384976525821597
1 0.9848958333333333 0.5422535211267606 0.025 0.11032863849765258
1 0.8976562499999999 0.3380281690140845 0.019270833333333334 0.08215962441314555
2 0.58671875 0.6578638497652582 0.0890625 0.1960093896713615
2 0.82578125 0.2916666666666667 0.0421875 0.07863849765258216
2 0.7713541666666667 0.2505868544600939 0.041666666666666664 0.08098591549295775
3 0.9013020833333333 0.22124413145539906 0.050520833333333334 0.10446009389671362
2 0.8440104166666667 0.18955399061032865 0.033854166666666664 0.04812206572769953
2 0.7473958333333334 0.18544600938967137 0.04895833333333333 0.04225352112676056
4 0.8075520833333333 0.15434272300469484 0.0609375 0.0715962441314554
