1 0.7825520833333334 0.16901408450704225 0.011979166666666666 0.04929577464788733
1 0.8143229166666667 0.38615023474178406 0.013020833333333334 0.05868544600938967
1 0.6752604166666667 0.5240610328638498 0.0234375 0.08098591549295775
1 0.6479166666666667 0.4178403755868545 0.03125 0.08215962441314555
1 0.6463541666666667 0.6402582159624414 0.028125 0.09741784037558686
1 0.334375 0.7282863849765259 0.046875 0.0715962441314554
2 0.7997395833333333 0.8163145539906104 0.0953125 0.21713615023474178
2 0.91640625 0.6660798122065728 0.09114583333333333 0.16079812206572772
2 0.7911458333333333 0.3403755868544601 0.04791666666666666 0.09624413145539906
2 0.54453125 0.38321596244131456 0.057812499999999996 0.0903755868544601
2 0.553125 0.505868544600939 0.07916666666666666 0.1267605633802817
3 0.859375 0.3714788732394366 0.03958333333333333 0.10211267605633803
4 0.70546875 0.3392018779342723 0.059895833333333336 0.1643192488262911
4 0.7325520833333333 0.22535211267605634 0.058854166666666666 0.11737089201877934
4 0.9111979166666666 0.4336854460093897 0.07552083333333333 0.181924882629108
3 0.5145833333333333 0.20422535211267606 0.07708333333333334 0.07511737089201878
4 0.8299479166666667 0.2165492957746479 0.0453125 0.0903755868544601
