1 0.37109375 0.5041079812206573 0.0265625 0.0715962441314554
1 0.34088541666666666 0.5704225352112676 0.0328125 0.08685446009389672
1 0.30625 0.6584507042253521 0.027083333333333334 0.12206572769953052
1 0.24583333333333332 0.8280516431924883 0.046875 0.07394366197183098
1 0.12942708333333333 0.8838028169014085 0.059895833333333336 0.08215962441314555
1 0.1625 0.40492957746478875 0.027083333333333334 0.06103286384976526
1 0.8890625 0.43603286384976525 0.017708333333333333 0.06455399061032864
1 0.8333333333333334 0.3286384976525822 0.027083333333333334 0.06807511737089202
1 0.7236979166666666 0.25997652582159625 0.01614583333333333 0.04342723004694836
1 0.9375 0.47300469483568075 0.01875 0.07981220657276995
1 0.9169270833333333 0.426056338028169 0.0171875 0.06572769953051644
1 0.9625 0.5897887323943662 0.019791666666666666 0.07863849765258216
1 0.9765625 0.471830985915493 0.021875 0.09154929577464789
2 0.8125 0.528169014084507 0.06875 0.11971830985915494
2 0.7760416666666666 0.3902582159624413 0.046875 0.08333333333333333
2 0.7760416666666666 0.6696009389671361 0.090625 0.1443661971830986
2 0.571875 0.8110328638497653 0.12708333333333333 0.19248826291079812
2 0.9408854166666667 0.8169014084507042 0.1171875 0.19014084507042253
2 0.7494791666666667 0.21185446009389672 0.036458333333333336 0.04812206572769953
2 0.5760416666666667 0.5217136150234742 0.07291666666666667 0.12323943661971831
4 0.625 0.27816901408450706 0.05520833333333333 0.13849765258215962
3 0.6825520833333333 0.181924882629108 0.10677083333333333 0.16901408450704225
4 0.80859375 0.8386150234741784 0.1265625 0.18661971830985916
4 0.21848958333333332 0.5980046948356808 0.0828125 0.21244131455399062
