1 0.31796875 0.5803990610328639 0.0328125 0.1068075117370892
1 0.26875 0.5011737089201878 0.019791666666666666 0.08215962441314555
1 0.23151041666666666 0.4964788732394366 0.025520833333333333 0.08450704225352113
1 0.17005208333333333 0.46361502347417843 0.0328125 0.08215962441314555
1 0.5059895833333333 0.4735915492957747 0.0234375 0.06455399061032864
1 0.7346354166666667 0.4782863849765258 0.01614583333333333 0.08568075117370892
1 0.8911458333333333 0.6473004694835681 0.036458333333333336 0.09272300469483569
1 0.87890625 0.5264084507042254 0.025520833333333333 0.06924882629107981
1 0.9458333333333333 0.6073943661971831 0.017708333333333333 0.08333333333333333
1 0.9367187499999999 0.5217136150234742 0.0171875 0.062206572769953054
1 0.9075520833333334 0.426056338028169 0.0140625 0.05868544600938967
1 0.8658854166666666 0.4495305164319249 0.021354166666666667 0.06807511737089202
1 0.7697916666666667 0.3039906103286385 0.014583333333333334 0.06103286384976526
1 0.7955729166666666 0.284037558685446 0.0140625 0.0539906103286385
2 0.4302083333333333 0.5575117370892019 0.11145833333333333 0.11267605633802817
2 0.21536458333333333 0.6320422535211268 0.07239583333333333 0.1443661971830986
2 0.7895833333333333 0.6625586854460094 0.06770833333333333 0.16549295774647887
2 0.7002604166666666 0.31514084507042256 0.06614583333333333 0.05516431924882629
2 0.7356770833333334 0.2347417840375587 0.025520833333333333 0.04225352112676056
2 0.6111979166666667 0.392018779342723 0.0734375 0.0892018779342723
3 0.5606770833333333 0.6889671361502347 0.23906249999999998 0.5070422535211268
3 0.5885416666666666 0.2904929577464789 0.12604166666666666 0.17488262910798122
3 0.775 0.1449530516431925 0.09270833333333334 0.11150234741784038
4 0.7018229166666666 0.17605633802816903 0.04635416666666667 0.08685446009389672
