1 0.3145833333333333 0.6578638497652582 0.026041666666666668 0.0903755868544601
1 0.24375 0.6390845070422535 0.01875 0.07394366197183098
1 0.265625 0.5715962441314554 0.029166666666666667 0.08685446009389672
1 0.2505208333333333 0.5082159624413146 0.019791666666666666 0.07981220657276995
1 0.17317708333333334 0.6555164319248826 0.028645833333333332 0.06690140845070423
1 0.7739583333333333 0.5375586854460094 0.01875 0.09624413145539906
1 0.809375 0.5639671361502347 0.019791666666666666 0.09507042253521127
1 0.9333333333333333 0.8321596244131455 0.029166666666666667 0.11032863849765258
1 0.98671875 0.7458920187793427 0.025520833333333333 0.12323943661971831
1 0.9533854166666667 0.5322769953051644 0.0171875 0.09507042253521127
1 0.91484375 0.4823943661971831 0.013020833333333334 0.056338028169014086
1 0.8979166666666667 0.4113849765258216 0.014583333333333334 0.08802816901408451
1 0.8677083333333333 0.3591549295774648 0.0125 0.046948356807511735
1 0.7348958333333333 0.4518779342723005 0.020833333333333332 0.06338028169014084
1 0.7015625 0.47124413145539906 0.016666666666666666 0.07863849765258216
1 0.7114583333333333 0.4289906103286385 0.016666666666666666 0.05985915492957747
1 0.73125 0.34917840375586856 0.014583333333333334 0.07629107981220658
1 0.7690104166666667 0.3544600938967136 0.015104166666666667 0.06807511737089202
1 0.7791666666666667 0.31396713615023475 0.009375 0.04342723004694836
1 0.8622395833333333 0.29225352112676056 0.0067708333333333336 0.03286384976525822
1 0.828125 0.24413145539906103 0.011458333333333333 0.03051643192488263
2 0.6557291666666667 0.4166666666666667 0.06145833333333333 0.08450704225352113
2 0.6424479166666667 0.5487089201877935 0.07239583333333333 0.1279342723004695
2 0.5765625 0.8233568075117371 0.13645833333333332 0.18427230046948356
2 0.16223958333333333 0.49882629107981225 0.06927083333333334 0.07981220657276995
2 0.8479166666666667 0.47711267605633806 0.07083333333333333 0.11384976525821597
2 0.790625 0.3984741784037559 0.04791666666666666 0.07863849765258216
2 0.8197916666666667 0.318075117370892 0.042708333333333334 0.06807511737089202
2 0.6815104166666667 0.28110328638497656 0.030729166666666665 0.04812206572769953
3 0.7729166666666667 0.7546948356807512 0.11666666666666667 0.2746478873239437
3 0.46328125 0.6044600938967136 0.1765625 0.323943661971831
3 0.5833333333333334 0.31396713615023475 0.10208333333333333 0.20539906103286384
3 0.7408854166666666 0.232981220657277 0.07135416666666666 0.19131455399061034
