1 0.31223958333333335 0.6631455399061033 0.030729166666666665 0.11737089201877934
1 0.240625 0.6502347417840376 0.026041666666666668 0.08450704225352113
1 0.2578125 0.5622065727699531 0.019791666666666666 0.04929577464788733
1 0.24088541666666666 0.4994131455399061 0.01614583333333333 0.05985915492957747
1 0.17083333333333334 0.6566901408450705 0.026041666666666668 0.07394366197183098
1 0.703125 0.4782863849765258 0.017708333333333333 0.08098591549295775
1 0.7427083333333333 0.45539906103286387 0.020833333333333332 0.08215962441314555
1 0.7794270833333333 0.5422535211267606 0.019270833333333334 0.08215962441314555
1 0.81328125 0.5633802816901409 0.0171875 0.07042253521126761
1 0.9328124999999999 0.8262910798122066 0.021875 0.09859154929577466
1 0.9835937499999999 0.7370892018779343 0.025520833333333333 0.07276995305164319
1 0.91171875 0.4935446009389671 0.009895833333333333 0.06924882629107981
2 0.64140625 0.5504694835680751 0.0796875 0.1596244131455399
2 0.6575520833333334 0.41607981220657275 0.049479166666666664 0.09272300469483569
2 0.7986979166666667 0.3873239436619718 0.0359375 0.07981220657276995
2 0.8455729166666667 0.4818075117370892 0.06197916666666667 0.10211267605633803
2 0.8203125 0.3210093896713615 0.05416666666666667 0.062206572769953054
2 0.16979166666666667 0.5046948356807511 0.07291666666666667 0.07042253521126761
2 0.16458333333333333 0.2904929577464789 0.07395833333333333 0.05751173708920188
2 0.5817708333333333 0.8303990610328639 0.125 0.1772300469483568
3 0.73984375 0.24647887323943662 0.0703125 0.19248826291079812
3 0.7846354166666667 0.75 0.10989583333333333 0.2605633802816901
3 0.46015625 0.6109154929577465 0.18697916666666667 0.3791079812206573
3 0.5901041666666667 0.323943661971831 0.09270833333333334 0.18779342723004694
