1 0.9138020833333333 0.6625586854460094 0.019270833333333334 0.1068075117370892
1 0.8596354166666667 0.5792253521126761 0.0203125 0.07863849765258216
1 0.7419270833333333 0.35563380281690143 0.0203125 0.06807511737089202
1 0.33984375 0.5498826291079812 0.027604166666666666 0.08568075117370892
1 0.31953125 0.4677230046948357 0.0328125 0.06455399061032864
1 0.17135416666666667 0.6895539906103286 0.027083333333333334 0.08098591549295775
1 0.25755208333333335 0.4307511737089202 0.0234375 0.06807511737089202
1 0.17083333333333334 0.375 0.019791666666666666 0.05751173708920188
1 0.8947916666666667 0.3685446009389671 0.022916666666666665 0.06572769953051644
2 0.6041666666666666 0.6173708920187794 0.06875 0.13849765258215962
2 0.3263020833333333 0.784037558685446 0.0890625 0.22769953051643194
2 0.16171875 0.8462441314553991 0.13697916666666665 0.14553990610328638
2 0.69296875 0.33509389671361506 0.05677083333333333 0.08568075117370892
2 0.9135416666666667 0.5146713615023474 0.065625 0.13732394366197184
2 0.83671875 0.3791079812206573 0.0484375 0.11971830985915494
2 0.7260416666666667 0.2623239436619718 0.040625 0.0528169014084507
2 0.21276041666666667 0.45715962441314556 0.05572916666666666 0.07863849765258216
2 0.196875 0.5557511737089202 0.06666666666666667 0.1068075117370892
4 0.7190104166666667 0.7294600938967136 0.10885416666666667 0.31572769953051644
3 0.5979166666666667 0.32159624413145543 0.0875 0.17136150234741784
3 0.66875 0.2136150234741784 0.08229166666666667 0.11971830985915494
3 0.8088541666666667 0.16490610328638497 0.06770833333333333 0.1255868544600939
