1 0.49609375 0.7089201877934272 0.021354166666666667 0.11502347417840376
1 0.3640625 0.6713615023474179 0.028125 0.09624413145539906
1 0.32838541666666665 0.7464788732394366 0.0359375 0.07746478873239437
1 0.6989583333333333 0.3251173708920188 0.011458333333333333 0.056338028169014086
1 0.6921875 0.272887323943662 0.009375 0.03403755868544601
1 0.8822916666666667 0.511150234741784 0.015625 0.0903755868544601
1 0.8807291666666667 0.4278169014084507 0.021875 0.06455399061032864
1 0.9135416666666667 0.4735915492957747 0.016666666666666666 0.06455399061032864
1 0.9557291666666666 0.4642018779342723 0.009375 0.0715962441314554
1 0.9817708333333334 0.5140845070422535 0.021875 0.07042253521126761
1 0.95 0.3791079812206573 0.016666666666666666 0.04460093896713615
1 0.8903645833333333 0.3438967136150235 0.019270833333333334 0.051643192488262914
2 0.6768229166666666 0.39730046948356806 0.04635416666666667 0.0903755868544601
2 0.6078125 0.590962441314554 0.09270833333333334 0.1443661971830986
2 0.809375 0.6150234741784038 0.06875 0.14553990610328638
2 0.91875 0.6795774647887324 0.065625 0.1784037558685446
2 0.7984375 0.44190140845070425 0.06354166666666666 0.13028169014084506
2 0.8549479166666667 0.3333333333333333 0.05572916666666666 0.07042253521126761
2 0.7192708333333333 0.8568075117370892 0.12395833333333334 0.12206572769953052
2 0.14375 0.4630281690140845 0.07604166666666666 0.06924882629107981
3 0.6580729166666667 0.24413145539906103 0.06197916666666667 0.11737089201877934
3 0.7223958333333333 0.181924882629108 0.06979166666666667 0.1056338028169014
4 0.7565104166666666 0.3098591549295775 0.0546875 0.1572769953051643
4 0.17916666666666667 0.6678403755868545 0.134375 0.3075117370892019
4 0.8130208333333333 0.2517605633802817 0.05520833333333333 0.13262910798122066
