1 0.3296875 0.4413145539906103 0.03333333333333333 0.07511737089201878
1 0.746875 0.3051643192488263 0.008333333333333333 0.03755868544600939
1 0.9309895833333334 0.4735915492957747 0.01614583333333333 0.0528169014084507
1 0.88828125 0.45892018779342725 0.018229166666666668 0.051643192488262914
2 0.6924479166666666 0.3380281690140845 0.04635416666666667 0.056338028169014086
2 0.80625 0.45715962441314556 0.06354166666666666 0.12323943661971831
2 0.5442708333333334 0.7482394366197184 0.11354166666666667 0.21244131455399062
2 0.17890625 0.49413145539906106 0.1015625 0.0892018779342723
2 0.7203125 0.27406103286384975 0.04791666666666666 0.05046948356807512
4 0.6213541666666667 0.511737089201878 0.10625 0.19248826291079812
4 0.3338541666666667 0.8133802816901409 0.18854166666666666 0.2511737089201878
3 0.17760416666666667 0.778169014084507 0.14791666666666667 0.2347417840375587
3 0.5481770833333334 0.36326291079812206 0.08802083333333333 0.1396713615023474
3 0.6651041666666666 0.24530516431924884 0.06666666666666667 0.11737089201877934
3 0.7315104166666666 0.1596244131455399 0.050520833333333334 0.07276995305164319
4 0.7921875 0.23004694835680753 0.058333333333333334 0.107981220657277
4 0.840625 0.1807511737089202 0.027083333333333334 0.08685446009389672
4 0.89140625 0.3362676056338028 0.058854166666666666 0.1396713615023474
