1 0.3286458333333333 0.43603286384976525 0.03333333333333333 0.06924882629107981
1 0.928125 0.47124413145539906 0.019791666666666666 0.08098591549295775
1 0.8830729166666667 0.4612676056338028 0.0140625 0.056338028169014086
2 0.69375 0.33215962441314556 0.04375 0.03755868544600939
2 0.7213541666666666 0.2623239436619718 0.040625 0.04107981220657277
2 0.8078124999999999 0.4460093896713615 0.04479166666666667 0.10328638497652583
2 0.7841145833333333 0.34800469483568075 0.0453125 0.09507042253521127
2 0.8541666666666666 0.2764084507042254 0.0375 0.06455399061032864
2 0.18854166666666666 0.4876760563380282 0.07916666666666666 0.10211267605633803
4 0.6236979166666666 0.5105633802816901 0.09114583333333333 0.19248826291079812
4 0.8901041666666667 0.3427230046948357 0.06041666666666667 0.14553990610328638
3 0.6666666666666666 0.24119718309859156 0.06979166666666667 0.12323943661971831
3 0.7231770833333333 0.1619718309859155 0.0765625 0.10093896713615023
3 0.5497395833333333 0.3779342723004695 0.0796875 0.13849765258215962
4 0.3341145833333333 0.8004694835680751 0.18072916666666666 0.22535211267605634
3 0.1890625 0.7711267605633803 0.146875 0.23004694835680753
2 0.52734375 0.7488262910798122 0.12760416666666666 0.2183098591549296
