1 0.7583333333333333 0.38028169014084506 0.0125 0.0892018779342723
1 0.8065104166666667 0.3773474178403756 0.022395833333333334 0.06924882629107981
1 0.8325520833333333 0.46361502347417843 0.022395833333333334 0.08450704225352113
1 0.890625 0.5575117370892019 0.029166666666666667 0.09859154929577466
1 0.9690104166666667 0.5498826291079812 0.028645833333333332 0.09507042253521127
1 0.4067708333333333 0.8315727699530516 0.046875 0.09507042253521127
1 0.1890625 0.5997652582159625 0.029166666666666667 0.09389671361502347
1 0.23046875 0.4354460093896714 0.030729166666666665 0.08215962441314555
1 0.74921875 0.32629107981220656 0.0067708333333333336 0.05868544600938967
2 0.56875 0.6549295774647887 0.10208333333333333 0.1267605633802817
2 0.8411458333333334 0.7470657276995305 0.096875 0.18427230046948356
2 0.6953125 0.32629107981220656 0.03958333333333333 0.07276995305164319
2 0.12291666666666666 0.4460093896713615 0.06979166666666667 0.05868544600938967
2 0.7385416666666667 0.2359154929577465 0.036458333333333336 0.0539906103286385
4 0.5333333333333333 0.38673708920187794 0.1 0.15845070422535212
4 0.5903645833333333 0.3039906103286385 0.049479166666666664 0.09624413145539906
4 0.6393229166666666 0.4794600938967136 0.08177083333333333 0.17018779342723006
4 0.55859375 0.8462441314553991 0.1796875 0.19483568075117372
3 0.6901041666666666 0.20774647887323944 0.06770833333333333 0.11502347417840376
3 0.7997395833333333 0.13849765258215962 0.0953125 0.09624413145539906
3 0.87265625 0.29812206572769956 0.07864583333333333 0.22535211267605634
