1 0.2296875 0.47124413145539906 0.036458333333333336 0.07863849765258216
1 0.6919270833333333 0.3028169014084507 0.019270833333333334 0.07511737089201878
1 0.7752604166666667 0.2564553990610329 0.0171875 0.0715962441314554
1 0.8752604166666667 0.3098591549295775 0.021354166666666667 0.08450704225352113
1 0.84609375 0.4823943661971831 0.025520833333333333 0.11971830985915494
1 0.8117187499999999 0.7130281690140845 0.030729166666666665 0.1279342723004695
1 0.9221354166666667 0.7312206572769954 0.044270833333333336 0.1572769953051643
1 0.9330729166666667 0.4794600938967136 0.0234375 0.09507042253521127
1 0.97109375 0.4688967136150235 0.027604166666666666 0.09507042253521127
1 0.89140625 0.44072769953051644 0.025520833333333333 0.08802816901408451
2 0.20442708333333334 0.6015258215962441 0.08385416666666666 0.1396713615023474
2 0.66875 0.5322769953051644 0.06354166666666666 0.13732394366197184
2 0.7653645833333333 0.8503521126760564 0.10885416666666667 0.15375586854460094
2 0.8114583333333333 0.2746478873239437 0.04479166666666667 0.07042253521126761
3 0.12369791666666667 0.4242957746478873 0.0828125 0.17253521126760563
3 0.7369791666666666 0.24178403755868544 0.04479166666666667 0.10328638497652583
2 0.8549479166666667 0.1936619718309859 0.0421875 0.04225352112676056
