1 0.6223958333333334 0.380868544600939 0.019791666666666666 0.0715962441314554
1 0.6341145833333334 0.3374413145539906 0.024479166666666666 0.07394366197183098
1 0.7393229166666666 0.5639671361502347 0.021354166666666667 0.08568075117370892
1 0.7231770833333333 0.511737089201878 0.022395833333333334 0.07276995305164319
1 0.8322916666666667 0.414906103286385 0.019791666666666666 0.07394366197183098
1 0.9791666666666666 0.6455399061032864 0.027083333333333334 0.107981220657277
2 0.5846354166666666 0.3421361502347418 0.04114583333333333 0.0903755868544601
2 0.6307291666666667 0.27699530516431925 0.04479166666666667 0.06338028169014084
2 0.7893229166666667 0.4906103286384977 0.0640625 0.16901408450704225
2 0.8997395833333334 0.556924882629108 0.0890625 0.13497652582159625
2 0.8807291666666667 0.38967136150234744 0.04895833333333333 0.107981220657277
2 0.8505208333333333 0.3221830985915493 0.04479166666666667 0.08802816901408451
2 0.9390625 0.857981220657277 0.12083333333333333 0.13380281690140847
2 0.5015625 0.5651408450704225 0.109375 0.15845070422535212
4 0.6359375 0.6379107981220657 0.09583333333333333 0.25938967136150237
4 0.7111979166666667 0.357981220657277 0.07864583333333333 0.1596244131455399
4 0.7630208333333334 0.7582159624413146 0.13229166666666667 0.3075117370892019
4 0.6604166666666667 0.20246478873239437 0.06145833333333333 0.09272300469483569
4 0.6963541666666666 0.24178403755868544 0.04791666666666666 0.07042253521126761
