1 0.32317708333333334 0.5803990610328639 0.033854166666666664 0.0903755868544601
1 0.21640625 0.4982394366197183 0.034895833333333334 0.06690140845070423
1 0.62421875 0.545774647887324 0.021354166666666667 0.08215962441314555
1 0.8705729166666667 0.7230046948356808 0.028645833333333332 0.10328638497652583
1 0.8994791666666666 0.8609154929577465 0.036458333333333336 0.1255868544600939
1 0.9690104166666667 0.8650234741784038 0.034895833333333334 0.13849765258215962
1 0.96875 0.698943661971831 0.03854166666666667 0.142018779342723
1 0.8671875 0.5592723004694836 0.03333333333333333 0.0903755868544601
1 0.9132812499999999 0.5792253521126761 0.0359375 0.13497652582159625
1 0.8721354166666666 0.4841549295774648 0.021354166666666667 0.07629107981220658
1 0.9166666666666666 0.4800469483568075 0.016666666666666666 0.07746478873239437
1 0.8572916666666667 0.41607981220657275 0.027083333333333334 0.06455399061032864
1 0.8942708333333333 0.4501173708920188 0.020833333333333332 0.09976525821596244
1 0.8783854166666667 0.3620892018779343 0.0171875 0.05046948356807512
1 0.8486979166666666 0.32159624413145543 0.018229166666666668 0.05868544600938967
1 0.9528645833333333 0.45129107981220656 0.01614583333333333 0.06690140845070423
1 0.68359375 0.25880281690140844 0.019270833333333334 0.062206572769953054
2 0.5533854166666666 0.49413145539906106 0.07552083333333333 0.11032863849765258
2 0.615625 0.3104460093896714 0.041666666666666664 0.06924882629107981
2 0.7059895833333333 0.3573943661971831 0.0734375 0.08333333333333333
2 0.24296874999999998 0.6338028169014085 0.058854166666666666 0.14084507042253522
2 0.21484375 0.8515258215962441 0.15364583333333334 0.15375586854460094
2 0.12473958333333333 0.4501173708920188 0.1109375 0.08802816901408451
2 0.8877604166666666 0.3086854460093897 0.04635416666666667 0.0539906103286385
4 0.7729166666666667 0.6396713615023474 0.09166666666666666 0.2863849765258216
4 0.79609375 0.40316901408450706 0.07135416666666666 0.17488262910798122
4 0.8052083333333333 0.2793427230046948 0.057291666666666664 0.0892018779342723
4 0.75 0.2541079812206573 0.059375 0.12089201877934272
