1 0.6223958333333334 0.5551643192488263 0.04375 0.08685446009389672
1 0.32109375 0.5786384976525821 0.04114583333333333 0.07276995305164319
1 0.22135416666666666 0.49237089201877937 0.030208333333333334 0.06924882629107981
1 0.8669270833333333 0.7059859154929577 0.033854166666666664 0.09976525821596244
1 0.89609375 0.8532863849765259 0.0359375 0.07746478873239437
1 0.8658854166666666 0.5528169014084507 0.028645833333333332 0.10328638497652583
1 0.9114583333333334 0.5727699530516432 0.03854166666666667 0.11032863849765258
1 0.9718749999999999 0.6801643192488263 0.020833333333333332 0.09976525821596244
1 0.9104166666666667 0.471830985915493 0.016666666666666666 0.07746478873239437
1 0.8536458333333333 0.4196009389671362 0.021875 0.09976525821596244
2 0.6216145833333333 0.30633802816901406 0.06927083333333334 0.07981220657276995
2 0.5588541666666667 0.4876760563380282 0.06145833333333333 0.11384976525821597
2 0.6692708333333334 0.22417840375586856 0.05416666666666667 0.06572769953051644
2 0.24583333333333332 0.6208920187793427 0.07083333333333333 0.1572769953051643
2 0.20729166666666665 0.8491784037558686 0.14583333333333334 0.15845070422535212
2 0.12395833333333334 0.45833333333333337 0.09479166666666666 0.09272300469483569
2 0.7075520833333333 0.3544600938967136 0.0640625 0.07276995305164319
4 0.7723958333333333 0.642018779342723 0.090625 0.2605633802816901
4 0.796875 0.40023474178403756 0.07395833333333333 0.13145539906103287
4 0.8075520833333333 0.26173708920187794 0.043229166666666666 0.07746478873239437
4 0.74453125 0.24119718309859156 0.05572916666666666 0.1068075117370892
4 0.8273437499999999 0.16607981220657278 0.030729166666666665 0.06455399061032864
4 0.7846354166666667 0.15140845070422534 0.022395833333333334 0.05868544600938967
