1 0.7091145833333333 0.4706572769953052 0.015104166666666667 0.09624413145539906
1 0.6591145833333333 0.6473004694835681 0.025520833333333333 0.10211267605633803
1 0.5502604166666667 0.42136150234741787 0.019270833333333334 0.07981220657276995
1 0.17447916666666666 0.43838028169014087 0.036458333333333336 0.07394366197183098
1 0.11145833333333333 0.47535211267605637 0.03333333333333333 0.07511737089201878
1 0.7255208333333333 0.3685446009389671 0.020833333333333332 0.05868544600938967
1 0.6953125 0.414906103286385 0.009375 0.06924882629107981
1 0.59453125 0.3045774647887324 0.0140625 0.04342723004694836
1 0.7544270833333333 0.3192488262910798 0.015104166666666667 0.05868544600938967
2 0.6713541666666667 0.3550469483568075 0.058333333333333334 0.08333333333333333
2 0.61875 0.5604460093896714 0.0875 0.1396713615023474
2 0.49713541666666666 0.8538732394366197 0.1546875 0.15140845070422534
2 0.7239583333333334 0.8104460093896714 0.11562499999999999 0.20305164319248828
2 0.7619791666666667 0.6068075117370892 0.084375 0.1596244131455399
2 0.6440104166666667 0.26291079812206575 0.034895833333333334 0.05868544600938967
4 0.9119791666666667 0.363849765258216 0.07083333333333333 0.15492957746478875
4 0.7950520833333333 0.4395539906103286 0.0734375 0.15375586854460094
4 0.80078125 0.2834507042253521 0.058854166666666666 0.09741784037558686
4 0.8312499999999999 0.1971830985915493 0.04375 0.07746478873239437
4 0.828125 0.1402582159624413 0.029166666666666667 0.03873239436619719
4 0.47890625 0.5363849765258216 0.12760416666666666 0.23708920187793428
