1 0.771875 0.3732394366197183 0.014583333333333334 0.07276995305164319
1 0.9458333333333333 0.5352112676056339 0.022916666666666665 0.08215962441314555
1 0.7416666666666667 0.3767605633802817 0.020833333333333332 0.07042253521126761
1 0.13854166666666667 0.8186619718309859 0.0625 0.11384976525821597
1 0.9291666666666667 0.46009389671361506 0.0125 0.09624413145539906
1 0.96953125 0.465962441314554 0.015104166666666667 0.06807511737089202
1 0.7645833333333333 0.22769953051643194 0.011458333333333333 0.04225352112676056
2 0.6244791666666667 0.2775821596244131 0.046875 0.04342723004694836
2 0.5947916666666666 0.3515258215962441 0.042708333333333334 0.062206572769953054
2 0.5541666666666667 0.4501173708920188 0.075 0.13497652582159625
2 0.5953125 0.6320422535211268 0.121875 0.20539906103286384
2 0.7372395833333333 0.772887323943662 0.10677083333333333 0.181924882629108
2 0.778125 0.5938967136150235 0.06354166666666666 0.13380281690140847
2 0.7778645833333333 0.3098591549295775 0.050520833333333334 0.06103286384976526
2 0.90078125 0.7593896713615024 0.10781249999999999 0.22065727699530516
2 0.8697916666666666 0.2634976525821596 0.021875 0.04812206572769953
2 0.7276041666666666 0.24354460093896715 0.04583333333333333 0.05751173708920188
2 0.70859375 0.31866197183098594 0.028645833333333332 0.07863849765258216
2 0.4671875 0.6214788732394366 0.121875 0.20539906103286384
4 0.8799479166666666 0.4307511737089202 0.07760416666666667 0.20892018779342725
3 0.6578125 0.42077464788732394 0.06875 0.18427230046948356
4 0.8166666666666667 0.25880281690140844 0.04791666666666666 0.11150234741784038
4 0.8361979166666667 0.1784037558685446 0.028645833333333332 0.04929577464788733
