2 0.5635416666666666 0.4284037558685446 0.07916666666666666 0.10093896713615023
2 0.48593749999999997 0.607981220657277 0.12291666666666666 0.11971830985915494
2 0.14270833333333333 0.4495305164319249 0.10208333333333333 0.09154929577464789
2 0.65078125 0.6631455399061033 0.10885416666666667 0.1431924882629108
2 0.915625 0.7505868544600939 0.11145833333333333 0.21244131455399062
2 0.8830729166666667 0.5528169014084507 0.0796875 0.13145539906103287
2 0.7901041666666666 0.7711267605633803 0.109375 0.26291079812206575
2 0.7497395833333333 0.5275821596244131 0.07864583333333333 0.1255868544600939
2 0.7731770833333333 0.4014084507042254 0.06510416666666667 0.11737089201877934
2 0.78515625 0.3057511737089202 0.04114583333333333 0.06924882629107981
2 0.6802083333333333 0.3744131455399061 0.059375 0.12206572769953052
2 0.628125 0.32981220657276994 0.059375 0.12206572769953052
4 0.8653645833333333 0.36032863849765256 0.0546875 0.15492957746478875
4 0.9125 0.1960093896713615 0.036458333333333336 0.08450704225352113
4 0.828125 0.24295774647887325 0.046875 0.10328638497652583
3 0.7177083333333333 0.2717136150234742 0.057291666666666664 0.12089201877934272
4 0.51953125 0.801056338028169 0.17135416666666667 0.2147887323943662
1 0.6549479166666666 0.8104460093896714 0.030729166666666665 0.15140845070422534
1 0.165625 0.5868544600938967 0.034375 0.08685446009389672
1 0.7151041666666667 0.6737089201877935 0.02395833333333333 0.09624413145539906
1 0.69375 0.7517605633802817 0.025 0.13028169014084506
1 0.9567708333333333 0.5880281690140845 0.02395833333333333 0.08450704225352113
1 0.93046875 0.45774647887323944 0.0203125 0.07276995305164319
