2 0.746875 0.5234741784037559 0.07291666666666667 0.11971830985915494
2 0.7872395833333333 0.7811032863849765 0.10052083333333334 0.24295774647887325
2 0.6783854166666666 0.38791079812206575 0.06302083333333333 0.1467136150234742
2 0.6268229166666667 0.3345070422535211 0.0421875 0.10093896713615023
2 0.5669270833333333 0.4137323943661972 0.0671875 0.09272300469483569
2 0.49140625 0.6068075117370892 0.12552083333333333 0.15023474178403756
2 0.13776041666666666 0.4565727699530516 0.07447916666666667 0.11032863849765258
2 0.65703125 0.6496478873239436 0.09739583333333333 0.12323943661971831
2 0.77734375 0.4055164319248826 0.058854166666666666 0.11384976525821597
2 0.7825520833333334 0.31220657276995306 0.0390625 0.051643192488262914
2 0.8781249999999999 0.551056338028169 0.071875 0.14906103286384978
2 0.9200520833333333 0.7570422535211268 0.10572916666666667 0.19248826291079812
4 0.87109375 0.380868544600939 0.0609375 0.16314553990610328
4 0.8239583333333333 0.26173708920187794 0.04375 0.09859154929577466
4 0.9098958333333333 0.18720657276995306 0.040625 0.09741784037558686
4 0.5080729166666667 0.8122065727699531 0.1828125 0.2136150234741784
3 0.7203125 0.25997652582159625 0.057291666666666664 0.10211267605633803
1 0.159375 0.5768779342723005 0.04479166666666667 0.11619718309859155
1 0.9572916666666667 0.5821596244131455 0.03125 0.09859154929577466
1 0.928125 0.4536384976525822 0.025 0.06455399061032864
1 0.9872395833333333 0.4964788732394366 0.0234375 0.09859154929577466
1 0.6942708333333333 0.7529342723004695 0.028125 0.1255868544600939
1 0.6583333333333333 0.8145539906103286 0.029166666666666667 0.13145539906103287
1 0.7151041666666667 0.6778169014084507 0.027083333333333334 0.10446009389671362
1 0.7385416666666667 0.6232394366197184 0.019791666666666666 0.107981220657277
