1 0.257552 0.569836 0.020313 0.088028
1 0.288021 0.539906 0.025000 0.068075
1 0.284375 0.446596 0.028125 0.057512
1 0.711979 0.368545 0.013542 0.072770
1 0.747396 0.313380 0.017708 0.065728
1 0.759635 0.274648 0.010937 0.046948
1 0.867969 0.694249 0.021354 0.125587
1 0.881510 0.828638 0.027604 0.119718
1 0.890885 0.646127 0.019271 0.104460
1 0.892708 0.578052 0.022917 0.069249
1 0.922135 0.572770 0.019271 0.100939
1 0.953646 0.551056 0.021875 0.085681
1 0.857292 0.529930 0.017708 0.088028
1 0.872917 0.504108 0.017708 0.102113
1 0.899219 0.484155 0.026562 0.078638
1 0.845833 0.424296 0.019792 0.085681
2 0.604427 0.707746 0.085938 0.206573
2 0.699219 0.502347 0.064062 0.143192
2 0.623958 0.336854 0.054167 0.084507
2 0.636979 0.271127 0.041667 0.065728
2 0.796615 0.624413 0.077604 0.197183
2 0.773177 0.788732 0.096354 0.239437
2 0.878906 0.395540 0.051562 0.115023
2 0.863802 0.313967 0.034896 0.080986
2 0.791146 0.417254 0.066667 0.142019
2 0.192188 0.876174 0.145833 0.130282
4 0.188802 0.491784 0.096354 0.169014
2 0.236198 0.268779 0.065104 0.053991
3 0.535156 0.541667 0.118229 0.207746
4 0.704167 0.285211 0.050000 0.126761
4 0.735677 0.221831 0.055729 0.070423
2 0.610156 0.427817 0.078646 0.085681
