1 0.19401041666666666 0.4307511737089202 0.027604166666666666 0.07511737089201878
1 0.21484375 0.6965962441314554 0.0453125 0.12089201877934272
1 0.8796875 0.636150234741784 0.025 0.12206572769953052
1 0.78515625 0.5305164319248826 0.03177083333333333 0.11267605633802817
1 0.8820312499999999 0.4125586854460094 0.021354166666666667 0.0715962441314554
1 0.9 0.505868544600939 0.026041666666666668 0.10093896713615023
1 0.94375 0.5316901408450704 0.021875 0.09624413145539906
1 0.8161458333333333 0.3773474178403756 0.02395833333333333 0.07863849765258216
1 0.8481770833333333 0.33685446009389675 0.0234375 0.08685446009389672
1 0.8986979166666667 0.31572769953051644 0.013020833333333334 0.07276995305164319
1 0.8158854166666667 0.29107981220657275 0.021354166666666667 0.06807511737089202
1 0.7697916666666667 0.2834507042253521 0.014583333333333334 0.06455399061032864
1 0.8346354166666666 0.25821596244131456 0.015104166666666667 0.0539906103286385
1 0.8778645833333333 0.284037558685446 0.015104166666666667 0.05868544600938967
1 0.82578125 0.21244131455399062 0.013020833333333334 0.04460093896713615
2 0.7052083333333333 0.5246478873239436 0.06041666666666667 0.12441314553990611
2 0.7645833333333333 0.7963615023474179 0.09791666666666667 0.21713615023474178
2 0.7260416666666667 0.272887323943662 0.035416666666666666 0.05516431924882629
2 0.7635416666666667 0.18720657276995306 0.034375 0.04342723004694836
2 0.8640625 0.19014084507042253 0.029166666666666667 0.04929577464788733
2 0.8216145833333334 0.16079812206572772 0.0390625 0.04225352112676056
