1 0.251563 0.637324 0.036458 0.129108
1 0.196615 0.529343 0.027604 0.086854
1 0.165104 0.633216 0.034375 0.104460
1 0.126562 0.390845 0.035417 0.061033
1 0.523177 0.760563 0.040104 0.143192
1 0.571354 0.530516 0.018750 0.107981
1 0.844531 0.612089 0.022396 0.062207
1 0.750260 0.450704 0.021354 0.084507
1 0.633594 0.363263 0.013021 0.073944
1 0.555729 0.383216 0.015625 0.073944
1 0.845313 0.725939 0.026042 0.118545
1 0.886719 0.706573 0.026562 0.119718
1 0.855990 0.512324 0.019271 0.104460
1 0.855990 0.416080 0.018229 0.088028
1 0.671354 0.293427 0.012500 0.053991
1 0.948698 0.863850 0.031771 0.110329
2 0.935677 0.605047 0.093229 0.165493
2 0.936719 0.438967 0.065104 0.126761
2 0.871875 0.330399 0.046875 0.078638
2 0.782813 0.524648 0.050000 0.154930
2 0.809896 0.428404 0.056250 0.115023
2 0.720052 0.407277 0.075521 0.098592
2 0.639062 0.560446 0.096875 0.139671
2 0.764062 0.750587 0.090625 0.200704
2 0.481250 0.541080 0.097917 0.129108
2 0.605208 0.353873 0.044792 0.073944
2 0.692448 0.342136 0.052604 0.055164
4 0.779948 0.178404 0.035937 0.058685
