1 0.317448 0.649648 0.036979 0.113850
1 0.253125 0.514671 0.033333 0.095070
1 0.155208 0.478873 0.023958 0.079812
1 0.173437 0.417254 0.033333 0.076291
1 0.634375 0.535211 0.026042 0.084507
1 0.876563 0.697770 0.032292 0.102113
1 0.849219 0.629695 0.034896 0.083333
1 0.957812 0.818075 0.031250 0.117371
1 0.896615 0.851526 0.039062 0.120892
1 0.912500 0.680751 0.022917 0.091549
1 0.930469 0.571596 0.023438 0.096244
2 0.758333 0.690728 0.085417 0.217136
1 0.973177 0.718310 0.028646 0.145540
1 0.839063 0.400822 0.019792 0.050469
2 0.766406 0.490023 0.073438 0.099765
2 0.670052 0.459507 0.071354 0.095070
2 0.713802 0.336854 0.064062 0.065728
2 0.791667 0.398474 0.044792 0.097418
2 0.722135 0.264671 0.045312 0.045775
2 0.897917 0.420775 0.048958 0.099765
2 0.209115 0.677230 0.093229 0.147887
2 0.615625 0.298709 0.066667 0.069249
2 0.585938 0.363263 0.066667 0.069249
2 0.576562 0.457746 0.065625 0.112676
