1 0.701562 0.572183 0.025000 0.085681
1 0.176302 0.420775 0.018229 0.064554
1 0.151302 0.392606 0.023438 0.050469
2 0.758073 0.513498 0.074479 0.158451
1 0.883073 0.733568 0.025521 0.112676
1 0.904687 0.853286 0.025000 0.126761
1 0.838802 0.857981 0.041146 0.124413
1 0.922396 0.688967 0.020833 0.105634
1 0.907031 0.553404 0.024479 0.090376
1 0.961979 0.676056 0.019792 0.122066
1 0.943229 0.783451 0.026042 0.120892
1 0.908854 0.494718 0.021875 0.076291
1 0.799479 0.453638 0.019792 0.083333
1 0.687760 0.420775 0.019271 0.071596
1 0.662500 0.341549 0.012500 0.063380
1 0.944271 0.465962 0.015625 0.079812
1 0.872656 0.512911 0.018229 0.084507
1 0.834375 0.519366 0.025000 0.071596
2 0.857552 0.445423 0.058854 0.109155
2 0.535677 0.803991 0.150521 0.190141
2 0.241667 0.596244 0.089583 0.152582
2 0.646615 0.487676 0.075521 0.090376
2 0.552344 0.415493 0.065104 0.096244
2 0.609896 0.341549 0.043750 0.079812
2 0.656771 0.268779 0.037500 0.065728
2 0.696615 0.214789 0.051562 0.042254
2 0.709635 0.339789 0.058854 0.088028
2 0.768490 0.383803 0.053646 0.084507
2 0.746875 0.279930 0.035417 0.069249
2 0.844792 0.642019 0.072917 0.154930
2 0.719792 0.789906 0.106250 0.190141
2 0.788802 0.246479 0.043229 0.072770
