1 0.173177 0.536385 0.033854 0.082160
1 0.149219 0.430751 0.027604 0.068075
1 0.813802 0.852113 0.035937 0.131455
1 0.852083 0.829225 0.031250 0.127934
1 0.895312 0.767606 0.025000 0.110329
1 0.923438 0.853286 0.032292 0.124413
1 0.938021 0.748826 0.034375 0.124413
1 0.970573 0.651995 0.025521 0.085681
1 0.928646 0.642606 0.022917 0.104460
1 0.889323 0.698357 0.038021 0.105634
1 0.841927 0.734155 0.034896 0.102113
1 0.906250 0.514671 0.021875 0.088028
1 0.943750 0.512911 0.025000 0.091549
1 0.798177 0.410798 0.018229 0.061033
1 0.725521 0.372066 0.019792 0.053991
2 0.763281 0.466549 0.059896 0.142019
2 0.588802 0.643779 0.102604 0.165493
2 0.649219 0.483568 0.081771 0.100939
2 0.671615 0.380869 0.056771 0.080986
2 0.720052 0.316901 0.060937 0.065728
2 0.612760 0.314554 0.059896 0.075117
2 0.649479 0.273474 0.033333 0.065728
2 0.688802 0.227700 0.034896 0.035211
2 0.269792 0.603286 0.087500 0.126761
2 0.844531 0.552817 0.065104 0.098592
2 0.809115 0.292254 0.030729 0.070423
2 0.879167 0.329225 0.038542 0.088028
2 0.900000 0.270540 0.036458 0.062207
2 0.856771 0.404930 0.054167 0.131455
4 0.733073 0.724178 0.126562 0.380282
