1 0.171094 0.539906 0.029687 0.065728
1 0.147135 0.427817 0.042188 0.092723
1 0.837760 0.683099 0.029687 0.129108
1 0.857812 0.838615 0.032292 0.132629
1 0.816406 0.870892 0.029687 0.112676
1 0.923177 0.858568 0.023438 0.113850
1 0.895833 0.780516 0.031250 0.110329
1 0.940365 0.736502 0.032813 0.120892
1 0.967448 0.657864 0.025521 0.104460
1 0.905990 0.514085 0.021354 0.079812
1 0.727865 0.367958 0.021354 0.064554
2 0.766146 0.470657 0.082292 0.140845
2 0.588021 0.667254 0.084375 0.200704
2 0.264583 0.590376 0.067708 0.115023
2 0.644010 0.493545 0.061979 0.123239
2 0.671615 0.377934 0.054688 0.082160
2 0.615365 0.311620 0.050521 0.076291
2 0.651302 0.269953 0.036979 0.056338
2 0.680990 0.242958 0.034896 0.070423
2 0.719010 0.319249 0.049479 0.058685
2 0.776042 0.360915 0.035417 0.069249
2 0.815365 0.293427 0.038021 0.072770
2 0.859635 0.408451 0.056771 0.096244
2 0.847135 0.556338 0.065104 0.105634
2 0.877083 0.335094 0.052083 0.078638
4 0.732292 0.723005 0.123958 0.359155
