2 0.766406 0.296948 0.050521 0.089202
1 0.540625 0.582746 0.029167 0.097418
1 0.411719 0.493545 0.028646 0.088028
1 0.394010 0.739437 0.061979 0.103286
1 0.840885 0.488263 0.021354 0.079812
1 0.870573 0.527582 0.019271 0.099765
1 0.852344 0.567488 0.021354 0.069249
1 0.903385 0.687793 0.023438 0.103286
1 0.948698 0.758216 0.041146 0.126761
1 0.941146 0.609742 0.029167 0.088028
1 0.919010 0.636150 0.024479 0.105634
1 0.912240 0.545188 0.015104 0.069249
1 0.928125 0.502347 0.026042 0.100939
1 0.798438 0.393192 0.019792 0.082160
1 0.602344 0.394953 0.022396 0.076291
1 0.734896 0.325117 0.019792 0.063380
2 0.616406 0.795775 0.140104 0.218310
2 0.231771 0.499413 0.078125 0.080986
2 0.634375 0.451878 0.055208 0.124413
2 0.686979 0.349178 0.065625 0.111502
2 0.623698 0.289906 0.051562 0.084507
2 0.529948 0.424883 0.081771 0.110329
2 0.851042 0.426056 0.056250 0.100939
2 0.129948 0.886737 0.158854 0.088028
4 0.755990 0.507629 0.074479 0.188967
4 0.673438 0.227700 0.054167 0.100939
