1 0.194271 0.590376 0.033333 0.112676
1 0.225000 0.480047 0.031250 0.068075
1 0.291406 0.443662 0.033854 0.093897
1 0.546354 0.706573 0.040625 0.117371
1 0.639323 0.732981 0.040104 0.111502
1 0.580208 0.452465 0.028125 0.073944
1 0.577083 0.338028 0.016667 0.053991
1 0.647396 0.317488 0.013542 0.062207
1 0.664062 0.357394 0.020833 0.041080
1 0.753906 0.312793 0.015104 0.057512
1 0.778646 0.372066 0.016667 0.065728
1 0.792448 0.419014 0.016146 0.068075
1 0.821875 0.454812 0.014583 0.062207
1 0.945833 0.767606 0.030208 0.126761
1 0.921094 0.683685 0.023438 0.102113
1 0.959115 0.651408 0.020313 0.110329
1 0.924219 0.576291 0.019271 0.089202
1 0.914844 0.486502 0.021354 0.078638
1 0.846354 0.397887 0.017708 0.070423
1 0.610938 0.269366 0.018750 0.057512
2 0.759896 0.535211 0.068750 0.105634
2 0.722135 0.387911 0.056771 0.078638
2 0.849740 0.292840 0.045312 0.059859
2 0.871615 0.252934 0.033854 0.069249
2 0.731771 0.250587 0.047917 0.064554
2 0.698958 0.293427 0.048958 0.072770
4 0.447656 0.620892 0.199479 0.335681
4 0.819531 0.673122 0.152604 0.327465
4 0.662240 0.468897 0.100521 0.174883
4 0.794792 0.263498 0.053125 0.090376
2 0.119010 0.437207 0.090104 0.102113
