1 0.529167 0.526408 0.028125 0.104460
1 0.666927 0.583333 0.036979 0.138498
1 0.773438 0.565141 0.022917 0.085681
1 0.831510 0.630869 0.019271 0.104460
2 0.333594 0.803991 0.213021 0.279343
1 0.884896 0.774648 0.026042 0.103286
1 0.882552 0.649648 0.030729 0.106808
1 0.937240 0.717136 0.035937 0.122066
1 0.959115 0.662559 0.032813 0.113850
1 0.892708 0.524061 0.027083 0.085681
1 0.850000 0.584507 0.031250 0.103286
1 0.832292 0.521127 0.019792 0.075117
1 0.846615 0.462441 0.022396 0.068075
1 0.844531 0.386150 0.019271 0.068075
3 0.649740 0.299883 0.079687 0.163146
2 0.736979 0.780516 0.117708 0.201878
2 0.558854 0.848005 0.133333 0.132629
2 0.110937 0.419014 0.054167 0.068075
2 0.789062 0.433099 0.080208 0.110329
2 0.797656 0.338028 0.049479 0.075117
4 0.593490 0.441315 0.078646 0.211268
4 0.696615 0.370305 0.091146 0.172535
4 0.859896 0.293427 0.052083 0.096244
4 0.870573 0.223005 0.050521 0.089202
4 0.767708 0.244131 0.069792 0.110329
