2 0.325260 0.813967 0.232813 0.273474
1 0.889323 0.788146 0.031771 0.156103
1 0.952344 0.855634 0.033854 0.140845
1 0.939844 0.723005 0.034896 0.124413
1 0.956771 0.639671 0.033333 0.103286
1 0.829167 0.637911 0.020833 0.120892
1 0.772656 0.573357 0.026562 0.102113
1 0.663021 0.573944 0.034375 0.110329
1 0.529427 0.529343 0.028646 0.096244
1 0.849740 0.587441 0.026562 0.097418
1 0.883073 0.634390 0.031771 0.109155
1 0.896875 0.533451 0.022917 0.090376
1 0.930208 0.532277 0.023958 0.092723
3 0.648958 0.295188 0.081250 0.160798
2 0.735938 0.771127 0.134375 0.230047
2 0.554167 0.858568 0.141667 0.132629
2 0.116406 0.423709 0.057813 0.075117
2 0.785156 0.449531 0.075521 0.140845
2 0.815625 0.239437 0.052083 0.079812
4 0.762240 0.250000 0.056771 0.110329
4 0.697656 0.375587 0.078646 0.180751
4 0.598177 0.426056 0.069271 0.197183
4 0.860677 0.290493 0.059896 0.118545
