1 0.319531 0.810446 0.040104 0.144366
1 0.358594 0.640258 0.033854 0.090376
1 0.302344 0.580399 0.044271 0.109155
1 0.675000 0.808099 0.053125 0.132629
1 0.965365 0.843310 0.039062 0.137324
1 0.742448 0.546362 0.028646 0.076291
1 0.716667 0.460681 0.025000 0.062207
1 0.645833 0.449531 0.032292 0.058685
1 0.576302 0.420775 0.025521 0.055164
1 0.683073 0.342723 0.020313 0.058685
1 0.863802 0.372066 0.019271 0.058685
3 0.710156 0.219484 0.058854 0.140845
2 0.623437 0.668427 0.084375 0.149061
2 0.189844 0.843310 0.132812 0.181925
2 0.196354 0.561033 0.097917 0.107981
2 0.778385 0.444249 0.055729 0.106808
2 0.794531 0.638498 0.081771 0.161972
2 0.798958 0.825704 0.118750 0.167840
2 0.720573 0.391432 0.073438 0.095070
2 0.815885 0.335094 0.059896 0.088028
4 0.907292 0.556925 0.119792 0.235915
4 0.653906 0.298122 0.063021 0.133803
4 0.751823 0.282277 0.064062 0.099765
4 0.883594 0.186620 0.043229 0.065728
