1 0.21614583333333334 0.6936619718309859 0.03333333333333333 0.13145539906103287
1 0.19765625 0.43779342723004694 0.034895833333333334 0.07746478873239437
1 0.8817708333333333 0.6320422535211268 0.035416666666666666 0.10446009389671362
1 0.7877604166666666 0.5322769953051644 0.0359375 0.13732394366197184
1 0.8984375 0.4935446009389671 0.020833333333333332 0.07629107981220658
1 0.9473958333333333 0.5316901408450704 0.029166666666666667 0.10328638497652583
1 0.8817708333333333 0.414906103286385 0.015625 0.08568075117370892
1 0.8174479166666666 0.380868544600939 0.0234375 0.08802816901408451
1 0.8458333333333333 0.3374413145539906 0.02395833333333333 0.08568075117370892
1 0.81796875 0.2946009389671362 0.013020833333333334 0.06338028169014084
1 0.7692708333333333 0.2904929577464789 0.017708333333333333 0.05985915492957747
1 0.8348958333333333 0.25821596244131456 0.011458333333333333 0.07042253521126761
1 0.8768229166666667 0.284037558685446 0.01614583333333333 0.07042253521126761
1 0.8997395833333334 0.3163145539906103 0.0140625 0.06455399061032864
1 0.8278645833333333 0.20833333333333334 0.011979166666666666 0.05751173708920188
2 0.7221354166666667 0.27230046948356806 0.043229166666666666 0.07511737089201878
2 0.759375 0.17605633802816903 0.02395833333333333 0.03990610328638498
2 0.6997395833333333 0.5316901408450704 0.0671875 0.1431924882629108
2 0.7661458333333333 0.8004694835680751 0.09270833333333334 0.1784037558685446
