1 0.898438 0.634390 0.023958 0.153756
1 0.953385 0.750587 0.033854 0.134977
1 0.952344 0.586268 0.032813 0.085681
1 0.983333 0.525822 0.023958 0.105634
1 0.912760 0.486502 0.020313 0.085681
1 0.885417 0.556338 0.022917 0.075117
1 0.882812 0.493545 0.022917 0.071596
1 0.935417 0.457746 0.015625 0.082160
1 0.947917 0.438380 0.018750 0.083333
1 0.866406 0.372653 0.018229 0.066901
1 0.851042 0.344484 0.016667 0.050469
1 0.822135 0.322770 0.019271 0.053991
1 0.792188 0.319249 0.020833 0.056338
2 0.825781 0.271714 0.044271 0.078638
2 0.788281 0.231221 0.044271 0.051643
2 0.742708 0.187793 0.041667 0.056338
2 0.809896 0.546948 0.085417 0.152582
2 0.812240 0.416667 0.060937 0.105634
2 0.811458 0.815141 0.096875 0.210094
2 0.366667 0.798709 0.135417 0.242958
2 0.162500 0.844484 0.173958 0.160798
2 0.201302 0.609742 0.079687 0.139671
2 0.125521 0.454225 0.106250 0.084507
4 0.726823 0.294601 0.073438 0.157277
