2 0.627083 0.517606 0.055208 0.154930
1 0.323177 0.613850 0.032813 0.115023
1 0.134115 0.410211 0.039062 0.080986
1 0.254948 0.724178 0.054688 0.119718
1 0.875781 0.340962 0.019271 0.057512
2 0.789062 0.648474 0.089583 0.207746
2 0.885156 0.446596 0.053646 0.130282
2 0.920312 0.644366 0.106250 0.194836
2 0.533854 0.867958 0.139583 0.134977
2 0.213021 0.585094 0.087500 0.111502
2 0.723958 0.271127 0.055208 0.077465
2 0.780729 0.212441 0.043750 0.039906
2 0.843490 0.241197 0.043229 0.052817
2 0.829688 0.309272 0.016667 0.052817
2 0.864583 0.215962 0.023958 0.042254
4 0.781250 0.382042 0.085417 0.207746
4 0.725781 0.194249 0.054688 0.073944
4 0.771354 0.156103 0.054167 0.084507
