1 0.951302 0.390845 0.021354 0.107981
1 0.863281 0.558685 0.030729 0.112676
1 0.665885 0.521714 0.032813 0.092723
1 0.241406 0.489437 0.035937 0.072770
3 0.674219 0.231221 0.105729 0.154930
2 0.626042 0.462441 0.052083 0.100939
2 0.820833 0.456573 0.059375 0.112676
2 0.817708 0.324531 0.042708 0.099765
2 0.884115 0.270540 0.027604 0.050469
2 0.208854 0.563967 0.056250 0.083333
2 0.218490 0.414906 0.067187 0.090376
4 0.801562 0.237676 0.063542 0.134977
4 0.938802 0.608568 0.092188 0.226526
4 0.790885 0.623239 0.113021 0.284038
4 0.562760 0.750000 0.178646 0.312207
4 0.184896 0.755869 0.185417 0.323944
3 0.899479 0.403169 0.085417 0.142019
