1 0.252344 0.633216 0.030729 0.080986
1 0.194531 0.555751 0.024479 0.088028
1 0.108073 0.473005 0.020313 0.037559
1 0.636719 0.826291 0.038021 0.112676
1 0.701302 0.518192 0.019271 0.083333
1 0.940104 0.870892 0.033333 0.103286
1 0.930990 0.720657 0.034896 0.105634
1 0.857812 0.510563 0.022917 0.079812
1 0.911719 0.525235 0.033854 0.073944
1 0.901042 0.454225 0.020833 0.056338
3 0.794792 0.140845 0.066667 0.096244
1 0.957031 0.448944 0.019271 0.066901
1 0.853385 0.430164 0.020313 0.057512
2 0.667448 0.467136 0.075521 0.131455
2 0.575260 0.620892 0.090104 0.171362
2 0.484375 0.521127 0.091667 0.145540
2 0.698438 0.332746 0.050000 0.062207
2 0.746354 0.235329 0.051042 0.062207
2 0.816667 0.782277 0.083333 0.184272
2 0.876563 0.335094 0.038542 0.090376
2 0.839063 0.281103 0.026042 0.071596
2 0.885417 0.198357 0.031250 0.065728
3 0.769010 0.484155 0.101562 0.198357
4 0.804167 0.321596 0.053125 0.140845
4 0.642188 0.247653 0.056250 0.112676
4 0.707552 0.207746 0.031771 0.084507
