1 0.630729 0.835094 0.033333 0.156103
1 0.256250 0.624413 0.028125 0.086854
1 0.191406 0.542254 0.030729 0.070423
1 0.105990 0.473592 0.025521 0.069249
1 0.929688 0.731808 0.025000 0.118545
1 0.862500 0.505282 0.025000 0.083333
1 0.913281 0.524648 0.021354 0.084507
1 0.709635 0.512911 0.022396 0.086854
3 0.792188 0.134390 0.056250 0.099765
2 0.702604 0.328638 0.051042 0.089202
2 0.669271 0.461854 0.071875 0.113850
2 0.574479 0.618545 0.092708 0.185446
2 0.483854 0.524061 0.087500 0.137324
2 0.817448 0.771127 0.094271 0.227700
2 0.877865 0.325117 0.036979 0.091549
4 0.635677 0.240610 0.059896 0.117371
4 0.707292 0.201291 0.041667 0.083333
4 0.802344 0.312793 0.056771 0.132629
3 0.774479 0.475939 0.066667 0.210094
