1 0.237500 0.738850 0.034375 0.132629
1 0.160677 0.415493 0.021354 0.063380
1 0.922396 0.789906 0.034375 0.140845
1 0.893750 0.823357 0.037500 0.172535
1 0.952865 0.723005 0.026562 0.122066
1 0.949219 0.565141 0.015104 0.080986
1 0.902865 0.515845 0.026562 0.083333
1 0.908333 0.438380 0.015625 0.059859
1 0.960417 0.465962 0.025000 0.079812
1 0.878906 0.399648 0.018229 0.073944
1 0.885677 0.317488 0.016146 0.062207
1 0.642969 0.319249 0.021354 0.058685
2 0.219531 0.599765 0.069271 0.112676
2 0.648438 0.540493 0.102083 0.167840
2 0.768229 0.528756 0.073958 0.109155
2 0.816927 0.677817 0.085938 0.144366
2 0.828646 0.422535 0.059375 0.115023
2 0.673438 0.398474 0.046875 0.076291
2 0.683333 0.298122 0.059375 0.075117
2 0.751302 0.254108 0.036979 0.057512
4 0.585156 0.448944 0.103646 0.188967
4 0.822656 0.238263 0.040104 0.098592
4 0.673698 0.208333 0.053646 0.085681
4 0.730208 0.185446 0.042708 0.089202
4 0.756250 0.850939 0.108333 0.164319
