1 0.571354 0.477113 0.022917 0.080986
1 0.719271 0.520540 0.020833 0.106808
1 0.846615 0.735915 0.026562 0.138498
1 0.933854 0.762911 0.026042 0.143192
1 0.935677 0.568662 0.026562 0.099765
1 0.981771 0.528169 0.021875 0.096244
1 0.716146 0.436033 0.018750 0.071596
2 0.611979 0.690141 0.115625 0.180751
2 0.710417 0.375587 0.065625 0.086854
2 0.768229 0.430164 0.070833 0.092723
2 0.868750 0.460681 0.061458 0.104460
2 0.868750 0.355634 0.037500 0.065728
2 0.829688 0.296948 0.047917 0.077465
2 0.706771 0.298709 0.043750 0.048122
4 0.533333 0.875587 0.162500 0.115023
4 0.781771 0.531690 0.077083 0.157277
4 0.624479 0.332746 0.067708 0.123239
3 0.549740 0.392019 0.060937 0.079812
4 0.830208 0.212441 0.039583 0.091549
2 0.203125 0.596831 0.068750 0.196009
