2 0.172917 0.298709 0.089583 0.106808
2 0.133594 0.485915 0.080729 0.115023
1 0.348177 0.710094 0.035937 0.117371
1 0.514844 0.717136 0.035937 0.117371
1 0.947135 0.464789 0.024479 0.086854
1 0.759635 0.340376 0.024479 0.086854
2 0.519271 0.518779 0.077083 0.147887
2 0.548958 0.400235 0.061458 0.084507
2 0.174740 0.832746 0.141146 0.149061
2 0.928906 0.651995 0.098437 0.191315
4 0.658854 0.454225 0.075000 0.161972
4 0.643229 0.292840 0.045833 0.123239
4 0.809896 0.556338 0.090625 0.312207
4 0.615885 0.771714 0.146354 0.268779
4 0.878906 0.304577 0.059896 0.172535
