1 0.740625 0.4630281690140845 0.028125 0.09741784037558686
1 0.91015625 0.46068075117370894 0.0203125 0.08098591549295775
1 0.38828125 0.48063380281690143 0.043229166666666666 0.08568075117370892
1 0.834375 0.18838028169014084 0.009375 0.036384976525821594
2 0.22369791666666666 0.5845070422535211 0.058854166666666666 0.12441314553990611
2 0.6627604166666666 0.4336854460093897 0.05260416666666667 0.11384976525821597
2 0.7161458333333334 0.2975352112676056 0.04583333333333333 0.08098591549295775
2 0.7627604166666666 0.2153755868544601 0.0421875 0.0715962441314554
3 0.8533854166666667 0.7071596244131455 0.06927083333333334 0.22183098591549297
3 0.15338541666666666 0.4014084507042254 0.12760416666666666 0.17605633802816903
