2 0.645833 0.634390 0.071875 0.198357
1 0.539062 0.746479 0.029167 0.143192
1 0.483594 0.807512 0.031771 0.150235
1 0.553385 0.588615 0.031771 0.104460
1 0.595313 0.465962 0.029167 0.143192
1 0.848958 0.839202 0.029167 0.143192
2 0.199479 0.511737 0.079167 0.105634
2 0.371094 0.833920 0.135937 0.179577
2 0.809115 0.452465 0.045312 0.111502
2 0.634896 0.310446 0.046875 0.055164
2 0.651042 0.249413 0.038542 0.036385
4 0.826823 0.310446 0.046354 0.139671
4 0.770573 0.560446 0.082812 0.118545
4 0.697135 0.809859 0.160938 0.251174
3 0.905990 0.721831 0.111979 0.295775
3 0.337500 0.466549 0.125000 0.240610
4 0.706510 0.425469 0.082812 0.167840
4 0.725521 0.272887 0.076042 0.106808
4 0.902865 0.402582 0.107813 0.213615
