1 0.549479 0.635563 0.032292 0.125587
1 0.313542 0.759977 0.032292 0.125587
1 0.195312 0.440728 0.032292 0.125587
1 0.108854 0.823357 0.032292 0.125587
1 0.221094 0.281690 0.028646 0.079812
1 0.706510 0.454225 0.021354 0.084507
1 0.595573 0.485915 0.026562 0.077465
1 0.552083 0.521714 0.025000 0.078638
2 0.897135 0.637911 0.089063 0.212441
2 0.649219 0.565728 0.084896 0.129108
2 0.619271 0.859742 0.095833 0.142019
2 0.558073 0.417254 0.092188 0.113850
2 0.201823 0.650822 0.090104 0.172535
2 0.707292 0.375587 0.053125 0.079812
4 0.782031 0.416667 0.085938 0.194836
3 0.871875 0.462441 0.084375 0.176056
2 0.754948 0.748239 0.120313 0.235915
4 0.614583 0.285798 0.052083 0.123239
2 0.589844 0.184859 0.051562 0.069249
4 0.897656 0.258216 0.052604 0.112676
