2 0.511458 0.860915 0.139583 0.127934
1 0.567448 0.642019 0.024479 0.105634
1 0.542969 0.505282 0.018229 0.069249
1 0.572396 0.452465 0.021875 0.078638
1 0.549740 0.383216 0.009896 0.066901
2 0.868490 0.302230 0.058854 0.069249
1 0.934375 0.619131 0.020833 0.095070
1 0.891667 0.493545 0.031250 0.099765
1 0.837500 0.370305 0.017708 0.073944
2 0.654687 0.411972 0.064583 0.084507
2 0.728385 0.484742 0.063021 0.079812
2 0.720052 0.684859 0.113021 0.191315
2 0.401823 0.769953 0.141146 0.223005
2 0.119792 0.462441 0.073958 0.100939
2 0.783854 0.383216 0.068750 0.080986
2 0.736979 0.309272 0.053125 0.076291
2 0.678906 0.296948 0.048438 0.089202
2 0.650781 0.249413 0.044271 0.069249
2 0.885938 0.794601 0.095833 0.244131
2 0.845313 0.555164 0.081250 0.126761
2 0.888021 0.395540 0.053125 0.084507
