1 0.837500 0.372066 0.019792 0.068075
1 0.566927 0.634977 0.025521 0.122066
1 0.542448 0.502347 0.015104 0.072770
1 0.577604 0.446596 0.021875 0.090376
1 0.556250 0.384977 0.021875 0.065728
1 0.936979 0.624413 0.019792 0.098592
1 0.895833 0.502347 0.016667 0.082160
2 0.868750 0.319249 0.045833 0.091549
2 0.714844 0.680164 0.101562 0.156103
2 0.733594 0.472418 0.073438 0.099765
2 0.784896 0.374413 0.055208 0.098592
2 0.732292 0.304577 0.051042 0.083333
2 0.677083 0.308685 0.050000 0.061033
2 0.653906 0.248239 0.048438 0.078638
2 0.652083 0.419014 0.068750 0.079812
2 0.409375 0.784624 0.162500 0.193662
2 0.885417 0.796948 0.120833 0.225352
2 0.132292 0.470657 0.082292 0.117371
4 0.819010 0.257042 0.073438 0.124413
