2 0.206771 0.673709 0.095833 0.190141
3 0.645573 0.219484 0.100521 0.115023
1 0.545312 0.873826 0.052083 0.111502
1 0.420833 0.636150 0.036458 0.098592
1 0.252865 0.854460 0.065104 0.138498
1 0.253646 0.465376 0.034375 0.085681
1 0.185677 0.525235 0.040104 0.090376
1 0.779167 0.783451 0.033333 0.144366
1 0.946875 0.687793 0.016667 0.089202
1 0.722396 0.479460 0.019792 0.064554
2 0.501302 0.668427 0.106771 0.184272
2 0.672656 0.638498 0.104688 0.152582
2 0.754427 0.426056 0.057813 0.075117
2 0.864583 0.776408 0.089583 0.231221
2 0.850260 0.580399 0.071354 0.109155
2 0.852344 0.462441 0.076563 0.124413
2 0.838542 0.352700 0.048958 0.076291
2 0.770052 0.331573 0.042188 0.071596
2 0.805469 0.284624 0.034896 0.076291
2 0.709375 0.308099 0.063542 0.059859
2 0.601302 0.352700 0.049479 0.064554
2 0.760677 0.259977 0.043229 0.059859
4 0.842448 0.196009 0.055729 0.119718
4 0.656510 0.453638 0.098437 0.179577
