2 0.403125 0.592136 0.142708 0.181925
2 0.601302 0.276408 0.060937 0.092723
3 0.703385 0.177817 0.073438 0.125587
1 0.731510 0.566901 0.019271 0.093897
1 0.704167 0.446596 0.016667 0.083333
1 0.679688 0.422535 0.014583 0.086854
1 0.659375 0.453052 0.014583 0.079812
1 0.645573 0.524061 0.026562 0.085681
1 0.801562 0.409038 0.019792 0.080986
1 0.696615 0.350939 0.018229 0.070423
1 0.819531 0.343897 0.014063 0.068075
1 0.888281 0.606808 0.020313 0.103286
1 0.917708 0.633803 0.020833 0.103286
1 0.936719 0.789906 0.029687 0.115023
1 0.967187 0.707746 0.022917 0.093897
1 0.891146 0.498239 0.012500 0.085681
2 0.850260 0.431338 0.061979 0.092723
2 0.810677 0.613263 0.075521 0.116197
2 0.511458 0.664319 0.094792 0.154930
2 0.189062 0.755282 0.134375 0.219484
2 0.780729 0.866784 0.130208 0.102113
2 0.586458 0.440728 0.102083 0.144366
2 0.655729 0.319249 0.068750 0.070423
