1 0.727865 0.448357 0.030729 0.093897
1 0.560677 0.532864 0.029687 0.117371
1 0.434115 0.563967 0.028646 0.099765
1 0.225000 0.656690 0.043750 0.118545
1 0.674479 0.318075 0.020833 0.077465
1 0.746094 0.382629 0.022396 0.070423
1 0.761198 0.314554 0.017188 0.063380
1 0.731510 0.331573 0.011979 0.059859
1 0.717708 0.303404 0.013542 0.050469
1 0.848958 0.481808 0.014583 0.066901
1 0.888542 0.481221 0.016667 0.079812
1 0.954948 0.855047 0.047396 0.109155
2 0.587500 0.330986 0.057292 0.082160
2 0.357031 0.762324 0.152604 0.252347
2 0.660156 0.483568 0.088021 0.112676
2 0.551562 0.822183 0.122917 0.200704
2 0.817708 0.762911 0.120833 0.208920
2 0.791146 0.562793 0.085417 0.123239
2 0.825260 0.430164 0.063021 0.090376
2 0.858854 0.345070 0.054167 0.077465
2 0.793490 0.288146 0.046354 0.055164
2 0.187760 0.561033 0.080729 0.105634
2 0.170833 0.283451 0.066667 0.071596
4 0.320312 0.426643 0.140625 0.177230
