1 0.734896 0.575117 0.022917 0.091549
1 0.963802 0.764671 0.030729 0.158451
1 0.922656 0.607394 0.026562 0.090376
1 0.983854 0.603286 0.025000 0.126761
1 0.902865 0.523474 0.021354 0.084507
1 0.932552 0.505869 0.014063 0.082160
1 0.749479 0.427230 0.017708 0.075117
1 0.722917 0.396714 0.019792 0.058685
1 0.871875 0.396714 0.012500 0.065728
1 0.644010 0.349178 0.018229 0.071596
2 0.227604 0.608568 0.090625 0.130282
2 0.818490 0.545775 0.085938 0.117371
2 0.853125 0.721244 0.094792 0.196009
2 0.677604 0.446596 0.064583 0.092723
2 0.708333 0.319249 0.051042 0.068075
2 0.817187 0.374413 0.070833 0.082160
2 0.642708 0.308685 0.061458 0.075117
2 0.595573 0.303404 0.049479 0.071596
2 0.817969 0.308685 0.032813 0.049296
2 0.768490 0.237676 0.058854 0.048122
4 0.594531 0.620892 0.165104 0.307512
