1 0.78125 0.38028169014084506 0.022916666666666665 0.10093896713615023
1 0.91484375 0.619718309859155 0.024479166666666666 0.11971830985915494
1 0.89609375 0.3626760563380282 0.015104166666666667 0.07276995305164319
1 0.9057291666666667 0.3210093896713615 0.013541666666666667 0.06455399061032864
1 0.79375 0.29401408450704225 0.0125 0.06690140845070423
3 0.8708333333333333 0.22887323943661972 0.057291666666666664 0.1596244131455399
2 0.83984375 0.3984741784037559 0.0515625 0.07863849765258216
2 0.8369791666666666 0.6285211267605634 0.09583333333333333 0.1795774647887324
2 0.58984375 0.6203051643192489 0.12343749999999999 0.11150234741784038
1 0.37395833333333334 0.551056338028169 0.036458333333333336 0.09272300469483569
2 0.7200520833333334 0.35211267605633806 0.04635416666666667 0.09859154929577466
2 0.6815104166666667 0.26291079812206575 0.0484375 0.07042253521126761
2 0.8143229166666667 0.22065727699530516 0.0390625 0.06103286384976526
2 0.74765625 0.21244131455399062 0.030729166666666665 0.051643192488262914
2 0.78359375 0.16784037558685447 0.0296875 0.056338028169014086
2 0.6213541666666667 0.1813380281690141 0.07916666666666666 0.04342723004694836
