1 0.540625 0.409038 0.019792 0.088028
1 0.566146 0.390845 0.019792 0.075117
1 0.863542 0.669601 0.034375 0.111502
1 0.920833 0.677230 0.028125 0.112676
1 0.977344 0.826291 0.044271 0.152582
1 0.901563 0.446009 0.015625 0.072770
1 0.932292 0.444249 0.014583 0.059859
1 0.960156 0.483568 0.017188 0.086854
2 0.505469 0.684272 0.096354 0.171362
2 0.575521 0.836268 0.141667 0.172535
2 0.768490 0.747066 0.093229 0.172535
2 0.780990 0.457746 0.059896 0.119718
2 0.890365 0.543427 0.080729 0.117371
2 0.551562 0.494131 0.063542 0.100939
2 0.160417 0.851526 0.127083 0.156103
2 0.193229 0.546362 0.072917 0.085681
1 0.145573 0.448944 0.035937 0.066901
2 0.611719 0.327465 0.055729 0.084507
4 0.706771 0.367958 0.063542 0.127934
4 0.653125 0.531690 0.129167 0.258216
4 0.616927 0.225352 0.066146 0.126761
4 0.740365 0.219484 0.067187 0.126761
4 0.823698 0.347418 0.066146 0.152582
