1 0.544010 0.416667 0.025521 0.077465
1 0.569010 0.396714 0.022396 0.093897
1 0.865365 0.660211 0.025521 0.102113
1 0.920833 0.670775 0.028125 0.113850
1 0.985938 0.730047 0.028125 0.117371
1 0.973698 0.840962 0.052604 0.142019
1 0.932813 0.443075 0.022917 0.085681
1 0.900260 0.441901 0.027604 0.111502
1 0.142969 0.454225 0.043229 0.077465
2 0.491406 0.688380 0.127604 0.207746
2 0.578906 0.830399 0.134896 0.179577
2 0.761198 0.750000 0.084896 0.178404
2 0.787500 0.468310 0.083333 0.112676
2 0.167708 0.854460 0.181250 0.159624
2 0.194010 0.544014 0.086979 0.097418
2 0.609115 0.337441 0.071354 0.106808
2 0.687760 0.224178 0.052604 0.072770
4 0.831250 0.350352 0.065625 0.132629
4 0.743229 0.221244 0.064583 0.118545
4 0.627344 0.227700 0.078646 0.131455
4 0.657292 0.535211 0.139583 0.319249
4 0.711198 0.348005 0.071354 0.118545
