1 0.596875 0.498826 0.028125 0.079812
1 0.699219 0.492958 0.022396 0.105634
1 0.723698 0.580399 0.024479 0.125587
1 0.775521 0.623239 0.027083 0.091549
1 0.870313 0.670775 0.031250 0.123239
1 0.918229 0.664319 0.031250 0.122066
1 0.927344 0.830399 0.045312 0.156103
1 0.971354 0.767019 0.032292 0.142019
1 0.943750 0.449531 0.022917 0.077465
1 0.644531 0.325117 0.021354 0.075117
1 0.681250 0.288732 0.016667 0.058685
1 0.885156 0.357981 0.020313 0.068075
2 0.737240 0.397300 0.073438 0.106808
2 0.816406 0.397887 0.064062 0.100939
2 0.884375 0.483568 0.064583 0.131455
2 0.648698 0.646127 0.106771 0.172535
2 0.783333 0.822183 0.129167 0.203052
2 0.269531 0.616784 0.105729 0.153756
2 0.602083 0.862676 0.132292 0.103286
2 0.816146 0.312207 0.040625 0.082160
4 0.748958 0.276995 0.080208 0.164319
4 0.715104 0.165493 0.075000 0.126761
4 0.564323 0.376174 0.079687 0.170188
4 0.674479 0.228873 0.044792 0.084507
