1 0.581510 0.454812 0.029687 0.104460
1 0.660937 0.452465 0.027083 0.111502
1 0.604948 0.383216 0.023438 0.078638
1 0.287500 0.612089 0.035417 0.090376
1 0.893229 0.839202 0.033333 0.136150
1 0.903125 0.703638 0.021875 0.123239
1 0.940365 0.758803 0.028646 0.142019
1 0.915104 0.585094 0.028125 0.099765
1 0.841667 0.495892 0.016667 0.095070
1 0.877604 0.469484 0.021875 0.105634
1 0.913021 0.501174 0.025000 0.112676
1 0.958333 0.544601 0.031250 0.115023
1 0.843490 0.424296 0.027604 0.080986
2 0.815365 0.633216 0.098437 0.165493
2 0.187760 0.524061 0.075521 0.116197
4 0.626823 0.611502 0.125521 0.232394
3 0.800260 0.404930 0.084896 0.176056
4 0.849479 0.308099 0.059375 0.130282
4 0.771354 0.286385 0.044792 0.124413
4 0.685417 0.331573 0.072917 0.191315
4 0.638021 0.237676 0.050000 0.123239
4 0.853906 0.146714 0.068229 0.096244
