1 0.652344 0.445423 0.022396 0.080986
1 0.586719 0.452465 0.020313 0.090376
1 0.602604 0.379108 0.020833 0.063380
1 0.289844 0.602113 0.038021 0.079812
1 0.944531 0.748826 0.027604 0.119718
1 0.898438 0.826291 0.027083 0.133803
1 0.903125 0.717136 0.023958 0.112676
1 0.917188 0.593897 0.033333 0.089202
1 0.960417 0.551643 0.033333 0.098592
1 0.873698 0.467136 0.024479 0.086854
1 0.843750 0.492958 0.026042 0.077465
1 0.912500 0.490023 0.022917 0.085681
1 0.928125 0.443662 0.015625 0.063380
1 0.958073 0.436033 0.014063 0.069249
1 0.844010 0.413732 0.020313 0.062207
2 0.820312 0.642606 0.091667 0.191315
2 0.188802 0.539319 0.079687 0.109155
4 0.773698 0.292840 0.048438 0.123239
4 0.688281 0.329225 0.097396 0.207746
4 0.621875 0.619718 0.126042 0.258216
4 0.634896 0.248826 0.058333 0.143192
4 0.846354 0.319249 0.082292 0.143192
4 0.772656 0.293427 0.073438 0.126761
4 0.844792 0.150822 0.063542 0.116197
