1 0.703906 0.400822 0.022396 0.071596
1 0.653906 0.825117 0.036979 0.154930
2 0.769271 0.472418 0.055208 0.156103
2 0.227604 0.605047 0.055208 0.156103
3 0.646615 0.257042 0.067187 0.159624
1 0.883854 0.632042 0.017708 0.085681
1 0.939323 0.653169 0.029687 0.132629
1 0.878906 0.522887 0.029687 0.090376
1 0.893229 0.444836 0.019792 0.072770
1 0.939323 0.545775 0.022396 0.093897
1 0.852344 0.396127 0.023438 0.088028
2 0.779427 0.663732 0.083854 0.214789
2 0.554688 0.555751 0.079167 0.158451
2 0.628646 0.402582 0.064583 0.091549
2 0.179167 0.494718 0.082292 0.092723
2 0.461719 0.823357 0.177604 0.203052
2 0.319531 0.258216 0.059896 0.051643
2 0.790885 0.856221 0.128646 0.139671
4 0.807552 0.334507 0.073438 0.164319
4 0.735938 0.302817 0.068750 0.154930
