1 0.288802 0.642606 0.043229 0.102113
1 0.381250 0.579812 0.032292 0.077465
1 0.333594 0.521714 0.034896 0.090376
1 0.190625 0.383803 0.023958 0.058685
1 0.630469 0.407864 0.018229 0.080986
1 0.519531 0.453052 0.024479 0.070423
1 0.918229 0.586268 0.026042 0.127934
1 0.945573 0.499413 0.021354 0.102113
1 0.839583 0.352700 0.017708 0.050469
2 0.790885 0.462441 0.061979 0.131455
2 0.688281 0.370305 0.055729 0.095070
2 0.720052 0.294601 0.052604 0.077465
2 0.672135 0.271127 0.049479 0.100939
2 0.640365 0.242371 0.042188 0.069249
2 0.602344 0.301056 0.064062 0.085681
2 0.572396 0.494131 0.054167 0.133803
2 0.786719 0.664319 0.089063 0.166667
2 0.776563 0.349765 0.052083 0.096244
2 0.221354 0.592723 0.076042 0.136150
2 0.129948 0.474178 0.092188 0.082160
4 0.309896 0.232981 0.068750 0.092723
4 0.892969 0.376761 0.067187 0.194836
4 0.816927 0.281690 0.073438 0.143192
4 0.787760 0.224765 0.050521 0.116197
4 0.743750 0.227700 0.046875 0.124413
