1 0.27708333333333335 0.7934272300469484 0.03854166666666667 0.1643192488262911
1 0.14270833333333333 0.5129107981220657 0.01875 0.09389671361502347
1 0.7622395833333333 0.28286384976525825 0.015104166666666667 0.06572769953051644
1 0.8348958333333333 0.29107981220657275 0.017708333333333333 0.07042253521126761
1 0.875 0.44014084507042256 0.020833333333333332 0.10328638497652583
1 0.9111979166666666 0.6455399061032864 0.03697916666666667 0.13145539906103287
1 0.9455729166666667 0.5815727699530516 0.04010416666666666 0.11619718309859155
1 0.90234375 0.3914319248826291 0.021354166666666667 0.0903755868544601
1 0.9471354166666667 0.392018779342723 0.022395833333333334 0.09389671361502347
1 0.9059895833333333 0.29518779342723006 0.0203125 0.08568075117370892
1 0.8841145833333334 0.2576291079812207 0.01614583333333333 0.06924882629107981
2 0.7622395833333333 0.4166666666666667 0.06302083333333333 0.1056338028169014
2 0.6544270833333333 0.43779342723004694 0.05364583333333333 0.107981220657277
2 0.6348958333333333 0.3198356807511737 0.05625 0.07629107981220658
2 0.19427083333333334 0.7136150234741784 0.10416666666666667 0.14788732394366197
2 0.7713541666666667 0.17312206572769953 0.04479166666666667 0.05046948356807512
4 0.80546875 0.2347417840375587 0.0453125 0.09389671361502347
