1 0.746094 0.369131 0.022396 0.064554
1 0.876823 0.732981 0.033854 0.144366
1 0.907031 0.622653 0.029687 0.125587
1 0.948438 0.723592 0.025000 0.123239
1 0.978385 0.576291 0.023438 0.086854
1 0.960417 0.502347 0.032292 0.103286
1 0.931771 0.436033 0.020833 0.088028
1 0.854948 0.299883 0.014063 0.066901
2 0.759375 0.813967 0.111458 0.238263
2 0.632292 0.613850 0.100000 0.138498
2 0.644271 0.455399 0.076042 0.119718
2 0.565365 0.431925 0.072396 0.079812
2 0.673698 0.359742 0.073438 0.080986
2 0.714844 0.276408 0.045312 0.069249
3 0.830729 0.262324 0.035417 0.071596
2 0.826823 0.360915 0.059896 0.102113
2 0.797135 0.474765 0.065104 0.123239
2 0.754167 0.211854 0.042708 0.050469
4 0.910937 0.253521 0.060417 0.131455
4 0.632552 0.262324 0.071354 0.125587
