1 0.314583 0.723005 0.039583 0.096244
1 0.325260 0.522300 0.027604 0.070423
1 0.170833 0.458920 0.023958 0.075117
1 0.191146 0.401408 0.031250 0.072770
1 0.590625 0.520540 0.029167 0.090376
1 0.738281 0.363850 0.016146 0.089202
1 0.959896 0.786385 0.037500 0.117371
1 0.933854 0.633803 0.033333 0.098592
1 0.888542 0.636150 0.026042 0.122066
1 0.840625 0.502347 0.023958 0.084507
1 0.773698 0.308685 0.015104 0.058685
1 0.772917 0.261737 0.015625 0.044601
1 0.935677 0.430751 0.018229 0.075117
1 0.914844 0.443662 0.019271 0.093897
1 0.644010 0.339789 0.015104 0.050469
2 0.651563 0.520540 0.076042 0.132629
2 0.690365 0.403169 0.045312 0.092723
2 0.780729 0.450117 0.059375 0.085681
2 0.786719 0.367958 0.043229 0.052817
2 0.816146 0.292840 0.044792 0.057512
2 0.648958 0.278169 0.042708 0.039906
3 0.607552 0.315728 0.069271 0.117371
2 0.793490 0.806925 0.090104 0.179577
2 0.231510 0.600939 0.074479 0.124413
2 0.174479 0.825117 0.166667 0.199531
2 0.563802 0.473005 0.083854 0.119718
2 0.828906 0.194249 0.039062 0.052817
4 0.685417 0.201291 0.068750 0.113850
4 0.577865 0.751761 0.168229 0.336854
