1 0.479167 0.478873 0.029167 0.093897
1 0.217969 0.515258 0.049479 0.103286
1 0.715365 0.446596 0.023438 0.076291
1 0.700521 0.541667 0.036458 0.113850
1 0.934635 0.648474 0.028646 0.109155
1 0.879687 0.585094 0.029167 0.109155
1 0.874740 0.490023 0.027604 0.080986
1 0.908854 0.501174 0.026042 0.096244
1 0.948698 0.539319 0.031771 0.102113
1 0.891146 0.390258 0.019792 0.078638
1 0.856771 0.302230 0.020833 0.048122
1 0.917448 0.416667 0.019271 0.086854
1 0.946615 0.419601 0.024479 0.069249
2 0.804427 0.390845 0.069271 0.093897
2 0.798438 0.296948 0.048958 0.070423
2 0.724219 0.296948 0.041146 0.072770
2 0.808333 0.233568 0.046875 0.061033
2 0.733073 0.239437 0.040104 0.053991
2 0.645312 0.286385 0.052083 0.077465
2 0.562240 0.465962 0.069271 0.117371
2 0.761719 0.495305 0.063021 0.096244
4 0.807031 0.649648 0.096354 0.280516
4 0.563021 0.722418 0.163542 0.367371
4 0.655208 0.441315 0.083333 0.154930
