1 0.679948 0.812207 0.029687 0.147887
1 0.925521 0.666080 0.035417 0.106808
1 0.791406 0.300469 0.015104 0.065728
1 0.767708 0.285798 0.013542 0.055164
1 0.791146 0.252934 0.016667 0.043427
1 0.858073 0.351526 0.019271 0.080986
1 0.887240 0.355047 0.020313 0.062207
1 0.947135 0.397887 0.019271 0.072770
1 0.902083 0.303991 0.013542 0.056338
2 0.572917 0.795775 0.125000 0.183099
2 0.759635 0.649061 0.086979 0.145540
2 0.882031 0.457746 0.072396 0.133803
4 0.708854 0.315141 0.050000 0.137324
3 0.196094 0.689554 0.290104 0.491784
3 0.659635 0.467136 0.088021 0.291080
4 0.838021 0.261737 0.050000 0.115023
