1 0.315104 0.598592 0.037500 0.110329
1 0.315365 0.457746 0.022396 0.089202
1 0.236198 0.421362 0.034896 0.075117
1 0.165104 0.441315 0.038542 0.086854
1 0.950000 0.821009 0.037500 0.160798
1 0.914844 0.622653 0.042188 0.123239
1 0.961979 0.624413 0.038542 0.126761
1 0.898177 0.507629 0.024479 0.088028
1 0.976562 0.465376 0.031250 0.113850
1 0.950000 0.422535 0.022917 0.072770
1 0.920833 0.399061 0.018750 0.061033
1 0.895573 0.414906 0.023438 0.090376
1 0.848177 0.343310 0.022396 0.069249
1 0.773177 0.319836 0.017188 0.057512
1 0.884896 0.311033 0.016667 0.042254
2 0.830990 0.568662 0.056771 0.120892
2 0.775521 0.429577 0.072917 0.138498
2 0.802083 0.294014 0.039583 0.055164
2 0.188802 0.752347 0.096354 0.183099
2 0.192969 0.528169 0.069271 0.129108
2 0.783854 0.862676 0.118750 0.112676
3 0.658854 0.250587 0.079167 0.144366
3 0.721354 0.177230 0.072917 0.110329
4 0.873698 0.221831 0.049479 0.100939
