1 0.727604 0.421948 0.022917 0.088028
1 0.769792 0.625000 0.023958 0.116197
1 0.957552 0.443662 0.026562 0.084507
1 0.985677 0.580399 0.028646 0.123239
1 0.238542 0.617371 0.027083 0.098592
1 0.182292 0.559859 0.037500 0.089202
1 0.181250 0.454225 0.020833 0.077465
1 0.184375 0.397300 0.020833 0.085681
1 0.114844 0.406690 0.028646 0.064554
2 0.668229 0.614437 0.104167 0.188967
2 0.897917 0.694836 0.093750 0.159624
2 0.565885 0.487089 0.090104 0.115023
2 0.667188 0.408451 0.077083 0.117371
2 0.599740 0.323944 0.072396 0.070423
2 0.709896 0.278756 0.055208 0.073944
2 0.673958 0.243545 0.031250 0.057512
2 0.717969 0.210094 0.051562 0.042254
3 0.833854 0.380869 0.107292 0.308685
3 0.787240 0.134390 0.061979 0.095070
