1 0.323698 0.673122 0.040104 0.113850
1 0.294531 0.852700 0.049479 0.144366
1 0.378385 0.870892 0.041146 0.131455
1 0.318750 0.470657 0.031250 0.096244
1 0.257031 0.433099 0.035937 0.098592
1 0.170573 0.394953 0.023438 0.062207
1 0.539844 0.562793 0.027604 0.095070
1 0.591927 0.433685 0.019271 0.106808
1 0.730990 0.558685 0.033854 0.110329
1 0.723177 0.358568 0.023438 0.066901
1 0.836458 0.469484 0.025000 0.084507
1 0.885938 0.547535 0.036458 0.104460
1 0.918490 0.453052 0.025521 0.079812
1 0.965104 0.626174 0.036458 0.123239
1 0.965625 0.821009 0.050000 0.153756
2 0.725000 0.200117 0.046875 0.038732
2 0.673177 0.246479 0.032813 0.063380
2 0.797917 0.580399 0.063542 0.123239
2 0.200000 0.557512 0.083333 0.138498
4 0.798698 0.337441 0.067187 0.191315
4 0.605729 0.645540 0.130208 0.279343
4 0.124479 0.857981 0.214583 0.154930
3 0.865365 0.203638 0.069271 0.151408
