1 0.8755208333333333 0.4366197183098592 0.016666666666666666 0.09624413145539906
1 0.903125 0.397887323943662 0.021875 0.08215962441314555
1 0.9080729166666667 0.6490610328638498 0.03177083333333333 0.13380281690140847
1 0.9463541666666666 0.573943661971831 0.02395833333333333 0.11971830985915494
1 0.28046875 0.778755868544601 0.0546875 0.1279342723004695
1 0.14401041666666667 0.511737089201878 0.015104166666666667 0.08685446009389672
1 0.8341145833333333 0.29107981220657275 0.0171875 0.06807511737089202
1 0.7630208333333334 0.28286384976525825 0.014583333333333334 0.06103286384976526
1 0.88359375 0.26115023474178406 0.01614583333333333 0.0528169014084507
1 0.90703125 0.28931924882629106 0.0203125 0.06690140845070423
1 0.9158854166666667 0.24002347417840375 0.018229166666666668 0.05516431924882629
1 0.8825520833333333 0.20715962441314553 0.013020833333333334 0.04342723004694836
1 0.859375 0.16725352112676056 0.009375 0.04342723004694836
4 0.8057291666666666 0.2312206572769953 0.052083333333333336 0.0892018779342723
2 0.7776041666666667 0.17370892018779344 0.03958333333333333 0.06807511737089202
2 0.7596354166666667 0.42194835680751175 0.0828125 0.11854460093896714
2 0.6479166666666667 0.4612676056338028 0.07395833333333333 0.09154929577464789
2 0.6333333333333333 0.3174882629107981 0.0625 0.08802816901408451
2 0.19192708333333333 0.7142018779342724 0.0890625 0.16079812206572772
