1 0.908854 0.471244 0.022917 0.097418
1 0.951823 0.540493 0.025521 0.116197
1 0.848698 0.423122 0.024479 0.078638
1 0.889844 0.377347 0.028646 0.085681
1 0.926823 0.412559 0.019271 0.073944
1 0.880208 0.303991 0.014583 0.056338
1 0.802604 0.304577 0.017708 0.071596
1 0.844792 0.286385 0.016667 0.044601
1 0.758333 0.233568 0.016667 0.044601
1 0.700000 0.389085 0.018750 0.076291
1 0.224740 0.421948 0.024479 0.062207
2 0.230729 0.623826 0.073958 0.184272
2 0.401042 0.729460 0.139583 0.179577
2 0.686458 0.319249 0.046875 0.058685
4 0.830990 0.216549 0.061979 0.120892
