1 0.229687 0.441315 0.022917 0.089202
2 0.236979 0.625587 0.087500 0.223005
1 0.695573 0.383803 0.016146 0.070423
1 0.809115 0.318075 0.025521 0.093897
1 0.846094 0.413732 0.026562 0.109155
1 0.907552 0.468897 0.027604 0.102113
1 0.947135 0.548122 0.028646 0.093897
1 0.925000 0.410798 0.021875 0.072770
1 0.884375 0.376174 0.018750 0.078638
1 0.880469 0.307512 0.021354 0.079812
1 0.842708 0.285798 0.016667 0.050469
1 0.757031 0.234742 0.010937 0.053991
2 0.411458 0.711854 0.125000 0.149061
2 0.169010 0.853286 0.146354 0.145540
2 0.691406 0.308099 0.038021 0.069249
4 0.833073 0.206573 0.041146 0.098592
