1 0.178125 0.666080 0.028125 0.113850
1 0.522135 0.678404 0.035937 0.098592
1 0.458333 0.515845 0.045833 0.071596
1 0.759115 0.455399 0.021354 0.084507
1 0.742708 0.832746 0.035417 0.127934
1 0.939063 0.599178 0.025000 0.130282
1 0.881510 0.495892 0.028646 0.097418
1 0.942969 0.512324 0.019271 0.083333
1 0.784375 0.387324 0.025000 0.089202
1 0.804167 0.362676 0.019792 0.053991
1 0.761198 0.291080 0.017188 0.070423
2 0.629948 0.187793 0.067187 0.063380
4 0.854688 0.321009 0.068750 0.158451
4 0.790104 0.217136 0.051042 0.110329
4 0.761979 0.146127 0.039583 0.064554
2 0.728125 0.358568 0.064583 0.116197
