1 0.215625 0.551056 0.029167 0.088028
1 0.168490 0.434859 0.031771 0.069249
1 0.852344 0.374413 0.024479 0.063380
1 0.879167 0.353286 0.018750 0.063380
1 0.908854 0.558099 0.018750 0.111502
1 0.945833 0.471831 0.030208 0.084507
1 0.728125 0.255282 0.020833 0.050469
1 0.751042 0.231808 0.017708 0.048122
1 0.811198 0.215962 0.017188 0.049296
2 0.763542 0.326291 0.040625 0.077465
2 0.695833 0.223592 0.042708 0.059859
2 0.623958 0.454812 0.078125 0.097418
2 0.814844 0.471831 0.061979 0.107981
3 0.604167 0.727113 0.156250 0.289906
