1 0.689844 0.347418 0.019271 0.082160
1 0.728646 0.403756 0.019792 0.091549
1 0.753646 0.440141 0.033333 0.084507
1 0.745313 0.603873 0.034375 0.099765
1 0.808073 0.486502 0.029687 0.104460
1 0.847656 0.641432 0.023438 0.104460
1 0.953906 0.620892 0.030729 0.112676
1 0.966927 0.817488 0.033854 0.127934
1 0.224479 0.606221 0.021875 0.111502
1 0.853125 0.321596 0.018750 0.061033
1 0.892708 0.279930 0.023958 0.064554
2 0.751302 0.840962 0.091146 0.165493
2 0.854427 0.395540 0.068229 0.117371
2 0.825781 0.180164 0.036979 0.045775
4 0.764323 0.308685 0.059896 0.122066
2 0.653906 0.170775 0.070312 0.064554
