1 0.8083333333333333 0.23180751173708922 0.021875 0.05516431924882629
1 0.73984375 0.6167840375586855 0.028645833333333332 0.10446009389671362
1 0.8893229166666666 0.4137323943661972 0.01614583333333333 0.07629107981220658
1 0.9296875 0.4677230046948357 0.01875 0.08333333333333333
1 0.9122395833333333 0.25528169014084506 0.018229166666666668 0.06924882629107981
2 0.6216145833333333 0.1807511737089202 0.058854166666666666 0.056338028169014086
2 0.8273437499999999 0.13438967136150234 0.0296875 0.04107981220657277
3 0.8075520833333333 0.42136150234741787 0.0609375 0.1807511737089202
2 0.6489583333333333 0.5815727699530516 0.08645833333333333 0.13497652582159625
2 0.1984375 0.5422535211267606 0.071875 0.11267605633802817
2 0.6794270833333333 0.34330985915492956 0.050520833333333334 0.0903755868544601
4 0.7419270833333333 0.2546948356807512 0.0390625 0.06807511737089202
4 0.8723958333333334 0.22124413145539906 0.04375 0.08802816901408451
