1 0.703385 0.380282 0.027604 0.063380
1 0.674219 0.657864 0.041146 0.116197
1 0.815104 0.596244 0.029167 0.110329
1 0.884896 0.573357 0.032292 0.102113
1 0.955469 0.574531 0.035937 0.099765
1 0.279948 0.477700 0.028646 0.075117
1 0.295312 0.449531 0.026042 0.084507
1 0.185417 0.621479 0.015625 0.102113
1 0.183073 0.720657 0.039062 0.077465
1 0.109635 0.474178 0.032813 0.058685
1 0.207813 0.440141 0.027083 0.091549
1 0.721875 0.240610 0.015625 0.053991
1 0.700260 0.245305 0.017188 0.058685
1 0.765885 0.225939 0.019271 0.055164
1 0.844531 0.273474 0.021354 0.056338
1 0.874740 0.318662 0.019271 0.062207
1 0.896615 0.351526 0.024479 0.069249
1 0.909375 0.294601 0.018750 0.051643
2 0.526563 0.866784 0.127083 0.118545
2 0.278125 0.617371 0.073958 0.157277
4 0.804688 0.217723 0.054167 0.123239
4 0.854167 0.169601 0.035417 0.109155
