1 0.704167 0.386737 0.018750 0.085681
1 0.878906 0.577465 0.033854 0.119718
1 0.951042 0.577465 0.030208 0.110329
1 0.812240 0.598005 0.033854 0.109155
1 0.674479 0.667840 0.030208 0.131455
1 0.276302 0.482394 0.034896 0.075117
1 0.290885 0.448944 0.031771 0.083333
1 0.184635 0.623239 0.032813 0.110329
1 0.177604 0.714202 0.029167 0.099765
1 0.209896 0.440141 0.027083 0.089202
1 0.107031 0.467723 0.031771 0.069249
1 0.871094 0.327465 0.025521 0.072770
1 0.839583 0.268192 0.015625 0.073944
1 0.725260 0.238263 0.015104 0.044601
1 0.700000 0.240610 0.012500 0.051643
2 0.290885 0.606221 0.078646 0.163146
2 0.538281 0.875587 0.142187 0.098592
2 0.689323 0.161972 0.051562 0.044601
4 0.853646 0.166080 0.048958 0.095070
4 0.808594 0.219484 0.047396 0.096244
