1 0.151562 0.423709 0.022917 0.058685
1 0.130990 0.506455 0.028646 0.085681
1 0.276823 0.704812 0.040104 0.139671
1 0.170573 0.750587 0.033854 0.132629
1 0.836198 0.497066 0.023438 0.109155
1 0.877604 0.441315 0.022917 0.089202
1 0.865365 0.374413 0.021354 0.061033
1 0.789062 0.297535 0.017708 0.078638
1 0.872396 0.274648 0.018750 0.070423
3 0.621875 0.174296 0.073958 0.071596
2 0.390365 0.235915 0.066146 0.072770
2 0.279427 0.438967 0.061979 0.086854
2 0.723698 0.340376 0.049479 0.070423
2 0.835156 0.215376 0.058854 0.055164
4 0.843490 0.136737 0.050521 0.080986
4 0.597135 0.369131 0.090104 0.172535
