1 0.726562 0.461268 0.030208 0.091549
1 0.802865 0.616784 0.029687 0.123239
1 0.849479 0.869718 0.045833 0.122066
1 0.578125 0.859742 0.045833 0.106808
1 0.248958 0.416667 0.027083 0.053991
1 0.908594 0.561033 0.041146 0.105634
1 0.933073 0.739437 0.032813 0.131455
1 0.961719 0.608568 0.031771 0.109155
1 0.953125 0.527582 0.026042 0.080986
1 0.896354 0.423122 0.027083 0.083333
1 0.935677 0.437793 0.018229 0.075117
1 0.882552 0.363263 0.021354 0.073944
1 0.883594 0.306338 0.017188 0.051643
1 0.821354 0.265258 0.026042 0.070423
1 0.869792 0.265845 0.023958 0.066901
1 0.909896 0.284624 0.023958 0.064554
1 0.721875 0.376761 0.028125 0.056338
2 0.833854 0.433685 0.065625 0.106808
2 0.777083 0.363850 0.047917 0.082160
2 0.715104 0.816901 0.118750 0.199531
2 0.141667 0.440141 0.097917 0.103286
3 0.733073 0.173122 0.102604 0.123239
4 0.798698 0.176643 0.042188 0.076291
