1 0.719531 0.375000 0.019271 0.071596
1 0.724219 0.463615 0.021354 0.100939
1 0.797135 0.596244 0.026562 0.103286
1 0.844010 0.865023 0.054688 0.093897
1 0.571094 0.849178 0.046354 0.137324
1 0.247656 0.422535 0.035937 0.063380
1 0.903906 0.563380 0.030729 0.103286
1 0.935937 0.740023 0.025000 0.125587
1 0.956510 0.606808 0.027604 0.112676
1 0.955729 0.528756 0.021875 0.076291
1 0.931510 0.423122 0.028646 0.083333
1 0.900781 0.420775 0.025521 0.085681
1 0.884115 0.360329 0.019271 0.061033
1 0.885677 0.306925 0.015104 0.059859
1 0.868229 0.268779 0.015625 0.042254
2 0.838542 0.433685 0.067708 0.106808
2 0.780469 0.354460 0.045312 0.091549
2 0.780729 0.247653 0.051042 0.065728
2 0.719792 0.813967 0.117708 0.188967
2 0.143229 0.444836 0.092708 0.140845
3 0.738021 0.170188 0.088542 0.124413
4 0.792708 0.177817 0.045833 0.048122
