1 0.784375 0.292254 0.019792 0.068075
1 0.190365 0.774648 0.051562 0.103286
1 0.917969 0.823944 0.030729 0.122066
1 0.915625 0.525822 0.027083 0.103286
1 0.943229 0.494718 0.019792 0.080986
1 0.881510 0.471244 0.027604 0.088028
1 0.867448 0.396127 0.019271 0.064554
1 0.895312 0.366784 0.022917 0.078638
2 0.809635 0.495305 0.084896 0.131455
2 0.349740 0.589789 0.067187 0.163146
2 0.184115 0.575117 0.076563 0.164319
2 0.207552 0.275822 0.073438 0.082160
2 0.507812 0.207160 0.073958 0.066901
2 0.603125 0.183685 0.051042 0.069249
2 0.691406 0.240610 0.043229 0.065728
2 0.611458 0.333333 0.052083 0.089202
2 0.820573 0.256455 0.029687 0.048122
2 0.874479 0.242958 0.037500 0.056338
2 0.759896 0.221244 0.042708 0.057512
4 0.800521 0.143192 0.042708 0.079812
4 0.686979 0.386150 0.067708 0.201878
