1 0.180990 0.631455 0.035937 0.086854
1 0.906250 0.595070 0.036458 0.122066
1 0.964323 0.759390 0.027604 0.136150
1 0.875521 0.485329 0.027083 0.085681
1 0.931771 0.532277 0.027083 0.083333
1 0.908854 0.453638 0.035417 0.123239
1 0.890104 0.334507 0.023958 0.086854
2 0.756510 0.279930 0.038021 0.080986
2 0.806510 0.149648 0.039062 0.048122
2 0.540365 0.203052 0.066146 0.075117
4 0.490104 0.808099 0.213542 0.217136
4 0.658333 0.546948 0.123958 0.276995
4 0.811458 0.361502 0.079167 0.178404
4 0.848177 0.240610 0.065104 0.105634
