1 0.317448 0.673709 0.032813 0.117371
1 0.919010 0.599178 0.029687 0.116197
1 0.885417 0.518779 0.028125 0.119718
1 0.922135 0.506455 0.030729 0.102113
1 0.882552 0.425469 0.022396 0.080986
1 0.845573 0.321596 0.020313 0.072770
1 0.885677 0.355634 0.015104 0.072770
1 0.910677 0.414906 0.021354 0.083333
2 0.168229 0.492958 0.094792 0.122066
2 0.157552 0.849178 0.145313 0.172535
2 0.468750 0.827465 0.115625 0.194836
2 0.763542 0.644366 0.092708 0.176056
2 0.823177 0.446596 0.081771 0.130282
2 0.769010 0.393779 0.077604 0.111502
2 0.782813 0.309859 0.040625 0.075117
2 0.683333 0.400235 0.083333 0.107981
2 0.734635 0.219484 0.041146 0.032864
2 0.711198 0.151408 0.060937 0.042254
4 0.819531 0.225939 0.060937 0.104460
