1 0.880469 0.515845 0.021354 0.092723
1 0.922135 0.596244 0.023438 0.079812
1 0.928125 0.520540 0.026042 0.106808
1 0.885417 0.431338 0.021875 0.099765
1 0.906250 0.406103 0.019792 0.084507
1 0.880208 0.338028 0.017708 0.075117
1 0.850260 0.323357 0.013021 0.066901
1 0.311198 0.655516 0.043229 0.120892
2 0.714583 0.144953 0.059375 0.088028
2 0.729427 0.220657 0.046354 0.063380
2 0.680990 0.403756 0.055729 0.093897
2 0.769271 0.388498 0.058333 0.110329
2 0.784115 0.296362 0.036979 0.085681
2 0.828906 0.445423 0.080729 0.123239
2 0.760417 0.660211 0.093750 0.205399
2 0.452083 0.839789 0.139583 0.172535
2 0.142708 0.859742 0.183333 0.127934
2 0.160938 0.496479 0.085417 0.107981
4 0.822396 0.221831 0.062500 0.103286
