1 0.7854166666666667 0.2652582159624413 0.021875 0.06338028169014084
1 0.9552083333333333 0.806924882629108 0.028125 0.1772300469483568
1 0.903125 0.607981220657277 0.022916666666666665 0.1267605633802817
1 0.8622395833333333 0.7764084507042254 0.027604166666666666 0.16314553990610328
1 0.8130208333333333 0.27406103286384975 0.019791666666666666 0.06924882629107981
1 0.8947916666666667 0.4137323943661972 0.01875 0.0903755868544601
1 0.76484375 0.23415492957746478 0.0203125 0.05751173708920188
1 0.184375 0.4782863849765258 0.017708333333333333 0.1068075117370892
1 0.13333333333333333 0.45129107981220656 0.019791666666666666 0.09507042253521127
1 0.15885416666666666 0.4242957746478873 0.026041666666666668 0.09976525821596244
1 0.19375 0.8644366197183099 0.05416666666666667 0.11384976525821597
3 0.8697916666666666 0.19190140845070422 0.04375 0.062206572769953054
2 0.8588541666666667 0.25997652582159625 0.040625 0.06924882629107981
2 0.6450520833333333 0.528755868544601 0.07864583333333333 0.11619718309859155
2 0.22005208333333334 0.6625586854460094 0.0890625 0.17018779342723006
