1 0.889062 0.376761 0.023958 0.093897
1 0.858594 0.384977 0.021354 0.077465
1 0.833073 0.369131 0.016146 0.076291
1 0.767188 0.397887 0.022917 0.061033
1 0.288802 0.788146 0.025521 0.134977
1 0.222656 0.687793 0.040104 0.122066
1 0.171615 0.538732 0.038021 0.096244
1 0.545052 0.495892 0.025521 0.095070
1 0.902344 0.807512 0.042188 0.140845
1 0.892969 0.639671 0.031771 0.112676
1 0.925521 0.597418 0.030208 0.100939
1 0.981250 0.697183 0.037500 0.152582
1 0.939583 0.484742 0.031250 0.091549
1 0.870052 0.278756 0.014063 0.050469
1 0.769792 0.294601 0.015625 0.065728
1 0.821875 0.218897 0.015625 0.043427
2 0.813021 0.325704 0.044792 0.076291
2 0.799740 0.564554 0.074479 0.164319
2 0.567448 0.612089 0.083854 0.158451
2 0.336719 0.532277 0.086979 0.142019
2 0.127604 0.446009 0.091667 0.077465
4 0.711458 0.278756 0.068750 0.104460
4 0.695052 0.480047 0.086979 0.208920
4 0.853125 0.151408 0.042708 0.086854
