1 0.319531 0.473592 0.028646 0.092723
1 0.296875 0.707746 0.047917 0.140845
1 0.935156 0.700117 0.040104 0.118545
1 0.903646 0.580399 0.022917 0.085681
1 0.919531 0.545775 0.022396 0.089202
1 0.961458 0.559859 0.020833 0.098592
1 0.947135 0.457746 0.025521 0.086854
1 0.928906 0.419014 0.021354 0.077465
2 0.822656 0.724178 0.097396 0.199531
2 0.611458 0.647887 0.104167 0.180751
2 0.693750 0.423122 0.071875 0.104460
2 0.707292 0.279930 0.039583 0.057512
2 0.633073 0.270540 0.040104 0.069249
2 0.191146 0.546362 0.077083 0.139671
2 0.153906 0.848005 0.160938 0.174883
3 0.816406 0.394953 0.126562 0.247653
4 0.789323 0.187793 0.052604 0.082160
4 0.753125 0.263498 0.046875 0.083333
