1 0.763281 0.552230 0.027604 0.106808
1 0.908073 0.641432 0.026562 0.120892
1 0.923438 0.545188 0.022917 0.083333
1 0.761979 0.447770 0.035417 0.078638
1 0.758854 0.383216 0.021875 0.048122
1 0.758073 0.336268 0.022396 0.043427
1 0.749219 0.302817 0.023438 0.061033
1 0.325260 0.565141 0.043229 0.078638
1 0.285938 0.673709 0.043750 0.126761
1 0.268490 0.526995 0.040104 0.098592
1 0.109375 0.417254 0.037500 0.052817
1 0.907813 0.460094 0.016667 0.061033
1 0.952083 0.423122 0.025000 0.083333
1 0.884635 0.332746 0.022396 0.048122
2 0.841927 0.500000 0.065104 0.115023
2 0.827865 0.326291 0.046354 0.077465
2 0.844271 0.259390 0.043750 0.049296
2 0.792708 0.246479 0.044792 0.044601
2 0.742188 0.217723 0.026042 0.066901
2 0.670573 0.406690 0.061979 0.104460
2 0.603125 0.362089 0.068750 0.090376
2 0.726042 0.870305 0.131250 0.116197
2 0.171875 0.531690 0.077083 0.103286
4 0.654427 0.256455 0.064062 0.095070
4 0.802865 0.188380 0.042188 0.055164
