1 0.730729 0.289906 0.017708 0.053991
1 0.626042 0.305164 0.028125 0.082160
1 0.921615 0.438380 0.024479 0.076291
1 0.964844 0.661385 0.035937 0.153756
1 0.964323 0.455986 0.024479 0.069249
1 0.897917 0.317488 0.018750 0.064554
1 0.703385 0.806338 0.032813 0.147887
0 0.200521 0.364437 0.025000 0.066901
2 0.821354 0.669601 0.078125 0.181925
2 0.682813 0.369131 0.054167 0.092723
2 0.119271 0.444836 0.076042 0.100939
4 0.819010 0.439554 0.106771 0.207746
3 0.421875 0.748239 0.122917 0.318075
3 0.790885 0.267606 0.092188 0.169014
