1 0.218750 0.448357 0.029167 0.075117
1 0.936198 0.450704 0.033854 0.091549
1 0.951562 0.600352 0.031250 0.113850
1 0.933073 0.683099 0.033854 0.140845
1 0.941667 0.860915 0.045833 0.118545
1 0.883854 0.390258 0.023958 0.083333
1 0.923958 0.381455 0.029167 0.084507
1 0.872396 0.219484 0.012500 0.051643
1 0.796094 0.222418 0.015104 0.045775
2 0.818490 0.678991 0.089063 0.210094
2 0.825521 0.385563 0.058333 0.095070
2 0.810677 0.278169 0.032813 0.056338
2 0.576562 0.465376 0.064583 0.085681
2 0.660937 0.645540 0.093750 0.169014
2 0.649479 0.891432 0.121875 0.076291
2 0.200781 0.693075 0.069271 0.174883
2 0.107292 0.454812 0.080208 0.088028
2 0.750521 0.209507 0.047917 0.076291
2 0.826302 0.228286 0.040104 0.045775
4 0.611979 0.295188 0.042708 0.097418
4 0.750000 0.157864 0.071875 0.078638
