1 0.18619791666666666 0.4782863849765258 0.034895833333333334 0.0903755868544601
1 0.13671875 0.47711267605633806 0.0265625 0.05985915492957747
1 0.12083333333333333 0.42077464788732394 0.025 0.04107981220657277
1 0.50703125 0.778169014084507 0.04010416666666666 0.15023474178403756
1 0.9322916666666666 0.7370892018779343 0.02395833333333333 0.1267605633802817
1 0.97890625 0.6566901408450705 0.0359375 0.11854460093896714
1 0.9033854166666666 0.4653755868544601 0.0265625 0.0903755868544601
1 0.7046875 0.2934272300469484 0.014583333333333334 0.07042253521126761
1 0.9463541666666666 0.45892018779342725 0.021875 0.08685446009389672
1 0.88046875 0.22711267605633803 0.0140625 0.05516431924882629
1 0.8578125 0.215962441314554 0.011458333333333333 0.0539906103286385
2 0.53828125 0.5874413145539906 0.08697916666666666 0.13028169014084506
2 0.7127604166666667 0.4688967136150235 0.06614583333333333 0.10446009389671362
2 0.8270833333333333 0.6073943661971831 0.06875 0.17018779342723006
2 0.73203125 0.24471830985915494 0.027604166666666666 0.07394366197183098
2 0.6606770833333333 0.2535211267605634 0.05364583333333333 0.07981220657276995
2 0.80234375 0.21948356807511737 0.04635416666666667 0.05868544600938967
2 0.8294270833333334 0.2699530516431925 0.049479166666666664 0.056338028169014086
