1 0.666667 0.387911 0.025000 0.088028
1 0.884375 0.447770 0.030208 0.099765
1 0.900000 0.621479 0.032292 0.120892
1 0.977344 0.696009 0.034896 0.133803
1 0.954688 0.546362 0.020833 0.080986
1 0.952344 0.440728 0.024479 0.057512
1 0.806250 0.288146 0.021875 0.062207
1 0.904687 0.387911 0.010417 0.071596
2 0.763542 0.201878 0.048958 0.061033
2 0.781510 0.443075 0.061979 0.118545
3 0.846094 0.329225 0.051562 0.102113
2 0.850000 0.259390 0.037500 0.070423
2 0.759896 0.295775 0.037500 0.079812
2 0.150521 0.515845 0.078125 0.104460
4 0.152865 0.828638 0.153646 0.190141
