1 0.247917 0.448944 0.031250 0.062207
1 0.201302 0.530516 0.023438 0.079812
1 0.150781 0.526995 0.034896 0.079812
1 0.676042 0.569836 0.028125 0.080986
1 0.699479 0.456573 0.020833 0.070423
1 0.706250 0.396714 0.018750 0.079812
1 0.934896 0.685446 0.028125 0.133803
1 0.972396 0.605634 0.034375 0.122066
1 0.956510 0.492958 0.023438 0.075117
1 0.891667 0.390258 0.025000 0.076291
1 0.944792 0.435446 0.016667 0.070423
1 0.730990 0.294014 0.015104 0.073944
2 0.677604 0.240023 0.048958 0.064554
2 0.751042 0.224178 0.046875 0.065728
2 0.805729 0.251761 0.042708 0.066901
2 0.853646 0.360915 0.039583 0.092723
2 0.856250 0.617371 0.084375 0.152582
4 0.785677 0.405516 0.081771 0.207746
