1 0.671354 0.553991 0.031250 0.145540
1 0.697396 0.437207 0.021875 0.073944
1 0.700260 0.375000 0.022396 0.066901
1 0.734375 0.296948 0.022917 0.056338
1 0.889062 0.394953 0.030208 0.073944
1 0.939583 0.440728 0.021875 0.099765
1 0.957552 0.502934 0.021354 0.097418
1 0.972396 0.608568 0.027083 0.125587
1 0.942969 0.671948 0.033854 0.153756
1 0.249219 0.453052 0.031771 0.068075
1 0.205729 0.526995 0.031250 0.091549
1 0.154427 0.526408 0.028646 0.088028
2 0.864323 0.618545 0.073438 0.126761
2 0.851562 0.352113 0.044792 0.072770
2 0.880990 0.297535 0.048438 0.057512
2 0.804948 0.251174 0.035937 0.058685
2 0.672656 0.248239 0.046354 0.071596
4 0.793229 0.410211 0.089583 0.217136
