1 0.204167 0.405516 0.028125 0.073944
1 0.176823 0.432512 0.020313 0.069249
1 0.719010 0.468310 0.017188 0.079812
1 0.730208 0.346831 0.019792 0.069249
1 0.767708 0.340376 0.019792 0.077465
1 0.684896 0.312793 0.017708 0.050469
1 0.894271 0.455986 0.025000 0.085681
1 0.928385 0.447770 0.018229 0.059859
1 0.954688 0.629108 0.023958 0.096244
1 0.969271 0.492958 0.019792 0.072770
2 0.794531 0.529343 0.064062 0.126761
2 0.845573 0.399648 0.052604 0.085681
2 0.877604 0.309272 0.032292 0.069249
2 0.217969 0.696009 0.093229 0.180751
4 0.813542 0.770540 0.186458 0.292254
4 0.791667 0.184859 0.047917 0.088028
4 0.878906 0.186033 0.055729 0.085681
