1 0.840365 0.384390 0.019271 0.071596
1 0.593490 0.579812 0.026562 0.119718
1 0.188802 0.430751 0.039062 0.068075
1 0.908594 0.704225 0.030729 0.091549
1 0.948438 0.645540 0.030208 0.105634
1 0.925521 0.558685 0.023958 0.098592
1 0.970313 0.491784 0.017708 0.096244
1 0.920833 0.466549 0.028125 0.095070
1 0.895312 0.428991 0.019792 0.102113
1 0.878125 0.359155 0.023958 0.086854
1 0.746094 0.248239 0.020313 0.064554
2 0.762500 0.340376 0.051042 0.100939
4 0.834115 0.272887 0.055729 0.113850
3 0.778125 0.633216 0.126042 0.416667
4 0.804948 0.197770 0.045312 0.083333
4 0.787500 0.143779 0.050000 0.073944
4 0.352083 0.232981 0.107292 0.111502
4 0.543750 0.196009 0.096875 0.093897
