1 0.746094 0.523474 0.033854 0.115023
1 0.907292 0.670188 0.028125 0.100939
1 0.924479 0.604460 0.023958 0.077465
1 0.502865 0.801643 0.036979 0.147887
1 0.217448 0.755869 0.034896 0.122066
1 0.240104 0.637911 0.028125 0.113850
1 0.188281 0.595070 0.032813 0.112676
1 0.628646 0.409624 0.020833 0.091549
1 0.924740 0.446596 0.026562 0.066901
1 0.956771 0.440141 0.022917 0.079812
2 0.625000 0.629695 0.106250 0.172535
2 0.791927 0.326291 0.045312 0.084507
2 0.732552 0.241197 0.040104 0.088028
2 0.699740 0.346831 0.045312 0.085681
2 0.831510 0.206573 0.041146 0.044601
4 0.857292 0.361502 0.076042 0.201878
