1 0.803385 0.230047 0.015104 0.051643
1 0.745052 0.511737 0.026562 0.091549
1 0.628385 0.403756 0.019271 0.082160
1 0.503125 0.794601 0.040625 0.150235
1 0.240104 0.636150 0.033333 0.098592
1 0.219010 0.769366 0.040104 0.113850
1 0.199479 0.609742 0.032292 0.088028
1 0.906250 0.663146 0.021875 0.107981
1 0.925521 0.602700 0.030208 0.102113
1 0.925521 0.446009 0.031250 0.103286
1 0.960156 0.449531 0.031771 0.107981
2 0.834115 0.201291 0.039062 0.050469
2 0.730469 0.255282 0.045312 0.085681
2 0.695833 0.346244 0.045833 0.075117
2 0.792448 0.326878 0.054688 0.062207
2 0.624219 0.620892 0.093229 0.176056
4 0.857292 0.358568 0.076042 0.188967
