2 0.20885416666666667 0.6789906103286385 0.07604166666666666 0.15845070422535212
2 0.7044270833333334 0.8280516431924883 0.10364583333333333 0.20539906103286384
2 0.8 0.3532863849765258 0.04791666666666666 0.107981220657277
2 0.80859375 0.25 0.033854166666666664 0.07276995305164319
2 0.8156249999999999 0.19190140845070422 0.036458333333333336 0.045774647887323945
2 0.8723958333333334 0.18016431924882628 0.03229166666666666 0.062206572769953054
2 0.8393229166666667 0.15434272300469484 0.0265625 0.04107981220657277
2 0.8963541666666667 0.24882629107981222 0.04479166666666667 0.07511737089201878
2 0.4796875 0.2153755868544601 0.05 0.04812206572769953
4 0.16953125 0.45539906103286387 0.12447916666666667 0.16666666666666666
4 0.7401041666666667 0.20011737089201878 0.04583333333333333 0.09272300469483569
1 0.31145833333333334 0.5545774647887324 0.034375 0.09507042253521127
1 0.9223958333333333 0.8456572769953051 0.040625 0.12089201877934272
1 0.8585937499999999 0.5622065727699531 0.0203125 0.11267605633802817
1 0.9026041666666667 0.47007042253521125 0.026041666666666668 0.08568075117370892
1 0.9182291666666667 0.4348591549295775 0.019791666666666666 0.08333333333333333
1 0.8997395833333334 0.35269953051643194 0.0140625 0.07394366197183098
1 0.8520833333333333 0.27992957746478875 0.014583333333333334 0.05046948356807512
1 0.6893229166666667 0.21713615023474178 0.018229166666666668 0.046948356807511735
