1 0.703125 0.28462441314553993 0.009375 0.05751173708920188
1 0.9315104166666667 0.7406103286384976 0.022395833333333334 0.1267605633802817
1 0.9835937499999999 0.653755868544601 0.03177083333333333 0.13145539906103287
1 0.5096354166666667 0.7852112676056339 0.04739583333333333 0.13849765258215962
1 0.18932291666666667 0.4818075117370892 0.0328125 0.08098591549295775
1 0.140625 0.4765258215962441 0.027083333333333334 0.06103286384976526
1 0.12473958333333333 0.41431924882629106 0.028645833333333332 0.06807511737089202
1 0.8591145833333333 0.2112676056338028 0.011979166666666666 0.056338028169014086
1 0.8807291666666667 0.23415492957746478 0.014583333333333334 0.045774647887323945
2 0.8312499999999999 0.6279342723004695 0.09375 0.1807511737089202
2 0.7122395833333334 0.465962441314554 0.07552083333333333 0.11267605633802817
2 0.53515625 0.5639671361502347 0.09947916666666666 0.11854460093896714
2 0.7375 0.25 0.040625 0.06338028169014084
2 0.7984375 0.21244131455399062 0.04791666666666666 0.05868544600938967
2 0.6614583333333334 0.25821596244131456 0.04479166666666667 0.06103286384976526
