1 0.202083 0.421362 0.032292 0.063380
1 0.147917 0.449531 0.033333 0.082160
1 0.811979 0.325704 0.023958 0.076291
1 0.727865 0.286972 0.018229 0.071596
1 0.880729 0.286385 0.014583 0.058685
1 0.804167 0.731808 0.045833 0.137324
1 0.922656 0.438380 0.025521 0.099765
1 0.175000 0.603873 0.036458 0.073944
2 0.206771 0.737676 0.145833 0.210094
2 0.443490 0.758803 0.141146 0.167840
2 0.856250 0.491784 0.072917 0.129108
2 0.770573 0.295775 0.034896 0.084507
2 0.774740 0.204812 0.051562 0.069249
2 0.680208 0.248826 0.041667 0.082160
4 0.610677 0.661385 0.163021 0.357981
