1 0.677604 0.534038 0.022917 0.098592
1 0.323437 0.596244 0.027083 0.093897
1 0.203125 0.669014 0.030208 0.107981
1 0.197135 0.542254 0.032813 0.077465
1 0.189583 0.373826 0.023958 0.055164
1 0.888542 0.479460 0.025000 0.090376
1 0.919531 0.552817 0.024479 0.103286
1 0.966406 0.522300 0.024479 0.096244
1 0.925781 0.458333 0.031771 0.076291
1 0.970313 0.763498 0.032292 0.120892
1 0.880469 0.353286 0.017188 0.053991
1 0.733594 0.272300 0.015104 0.046948
2 0.548177 0.386150 0.063021 0.086854
2 0.629948 0.318662 0.066146 0.080986
2 0.662760 0.252934 0.045312 0.048122
2 0.832031 0.430751 0.052604 0.115023
2 0.847917 0.267606 0.036458 0.072770
2 0.788281 0.271714 0.040104 0.057512
2 0.824479 0.347418 0.051042 0.075117
4 0.756250 0.466549 0.076042 0.224178
4 0.811458 0.171948 0.069792 0.073944
