1 0.677865 0.529930 0.024479 0.109155
1 0.322656 0.600939 0.046354 0.110329
1 0.207292 0.661385 0.027083 0.092723
1 0.197656 0.547535 0.032813 0.066901
1 0.191667 0.383216 0.035417 0.080986
1 0.890104 0.484742 0.021875 0.082160
1 0.926562 0.558685 0.026042 0.103286
1 0.969792 0.516432 0.020833 0.100939
1 0.972656 0.764671 0.029687 0.125587
1 0.928646 0.465962 0.032292 0.084507
1 0.732031 0.279343 0.022396 0.058685
2 0.627344 0.308685 0.054688 0.096244
2 0.664583 0.245305 0.031250 0.046948
2 0.542448 0.397300 0.079687 0.118545
2 0.829427 0.433099 0.070312 0.129108
2 0.829688 0.338615 0.050000 0.059859
2 0.842708 0.259977 0.039583 0.062207
2 0.788542 0.265258 0.033333 0.072770
4 0.758333 0.460094 0.069792 0.204225
4 0.816927 0.159624 0.056771 0.110329
