1 0.628125 0.780516 0.027083 0.119718
1 0.877344 0.582746 0.022396 0.099765
1 0.929167 0.558685 0.023958 0.082160
1 0.967969 0.592136 0.030729 0.123239
1 0.974479 0.787559 0.027083 0.145540
1 0.195573 0.425469 0.030729 0.066901
1 0.898958 0.438380 0.026042 0.071596
1 0.927083 0.423122 0.021875 0.062207
2 0.232813 0.634390 0.075000 0.181925
1 0.909115 0.325117 0.018229 0.089202
3 0.660417 0.525235 0.072917 0.191315
2 0.805729 0.566315 0.081250 0.149061
2 0.761719 0.809272 0.101562 0.186620
2 0.623958 0.266432 0.061458 0.063380
2 0.691667 0.224765 0.052083 0.062207
2 0.153385 0.480634 0.081771 0.104460
4 0.766406 0.327465 0.065104 0.147887
4 0.838281 0.361502 0.067187 0.166667
4 0.797135 0.201291 0.040104 0.102113
