1 0.639844 0.680164 0.038021 0.139671
1 0.543490 0.847418 0.050521 0.138498
1 0.177604 0.461268 0.028125 0.075117
1 0.122917 0.493545 0.033333 0.078638
1 0.861719 0.526408 0.019271 0.088028
1 0.689844 0.270540 0.023438 0.050469
1 0.931510 0.593310 0.032813 0.109155
1 0.882552 0.488263 0.025521 0.100939
2 0.714063 0.350352 0.063542 0.078638
2 0.794531 0.480047 0.083854 0.100939
2 0.195052 0.768192 0.138021 0.198357
3 0.826823 0.281103 0.113021 0.247653
4 0.608594 0.472418 0.104688 0.217136
4 0.787760 0.667840 0.117188 0.253521
