1 0.898958 0.644366 0.021875 0.089202
1 0.925260 0.833920 0.040104 0.151408
1 0.242708 0.473005 0.030208 0.070423
1 0.972917 0.737089 0.030208 0.131455
1 0.953125 0.538732 0.030208 0.122066
2 0.155729 0.455986 0.087500 0.106808
2 0.168229 0.808099 0.175000 0.217136
2 0.774740 0.625587 0.091146 0.192488
2 0.779948 0.404343 0.073438 0.134977
2 0.880990 0.479460 0.085938 0.134977
2 0.694531 0.315728 0.051562 0.098592
2 0.648438 0.272887 0.048958 0.073944
2 0.742969 0.254695 0.055729 0.068075
4 0.810417 0.276408 0.056250 0.125587
4 0.212240 0.260563 0.111979 0.133803
