1 0.74453125 0.505868544600939 0.0265625 0.08450704225352113
1 0.9369791666666667 0.43603286384976525 0.01875 0.08568075117370892
1 0.98671875 0.7535211267605634 0.025520833333333333 0.1643192488262911
1 0.24401041666666667 0.6561032863849765 0.0390625 0.11502347417840376
2 0.75234375 0.215962441314554 0.04010416666666666 0.05868544600938967
4 0.8307291666666666 0.323943661971831 0.051041666666666666 0.13380281690140847
4 0.8723958333333334 0.49237089201877937 0.08229166666666667 0.21713615023474178
4 0.68125 0.3955399061032864 0.08541666666666667 0.11737089201877934
4 0.8403645833333333 0.1960093896713615 0.04635416666666667 0.08450704225352113
2 0.87265625 0.255868544600939 0.0453125 0.0539906103286385
