1 0.636458 0.702465 0.040625 0.151408
1 0.645052 0.496479 0.016146 0.079812
1 0.582812 0.430164 0.028125 0.088028
1 0.194531 0.682512 0.038021 0.132629
1 0.119010 0.455399 0.020313 0.053991
1 0.889323 0.723592 0.035937 0.130282
1 0.956510 0.842723 0.032813 0.122066
1 0.959115 0.655516 0.023438 0.092723
1 0.900521 0.593310 0.029167 0.109155
1 0.853385 0.537559 0.043229 0.070423
1 0.973437 0.505282 0.022917 0.111502
2 0.819792 0.417840 0.069792 0.105634
2 0.534375 0.394366 0.071875 0.105634
2 0.622917 0.303991 0.057292 0.086854
2 0.644531 0.400235 0.060937 0.126761
4 0.751823 0.320423 0.086979 0.154930
4 0.759896 0.606221 0.118750 0.346244
4 0.789062 0.217136 0.043750 0.093897
4 0.907031 0.358568 0.066146 0.142019
