1 0.201823 0.819249 0.048438 0.124413
3 0.519010 0.727700 0.179688 0.410798
1 0.836198 0.646714 0.031771 0.119718
1 0.873698 0.795188 0.042188 0.116197
1 0.880469 0.618545 0.026562 0.112676
1 0.923177 0.522887 0.023438 0.090376
2 0.616667 0.307512 0.056250 0.070423
2 0.634375 0.485329 0.066667 0.127934
2 0.637240 0.626174 0.100521 0.179577
2 0.761719 0.593310 0.100521 0.188967
2 0.854948 0.460094 0.079687 0.117371
3 0.558854 0.424883 0.084375 0.152582
2 0.192188 0.642606 0.090625 0.203052
2 0.891667 0.345657 0.063542 0.104460
4 0.703646 0.347418 0.086458 0.192488
4 0.814063 0.291667 0.063542 0.146714
