1 0.877604 0.696009 0.027083 0.096244
1 0.935417 0.749413 0.051042 0.111502
1 0.937760 0.587441 0.024479 0.104460
1 0.887240 0.508216 0.015104 0.079812
1 0.854427 0.482394 0.018229 0.086854
1 0.705208 0.567488 0.022917 0.078638
1 0.718750 0.325117 0.012500 0.051643
1 0.699479 0.305164 0.015625 0.058685
1 0.667969 0.278169 0.020313 0.042254
3 0.707031 0.192488 0.097396 0.124413
2 0.663802 0.517606 0.084896 0.138498
2 0.787760 0.765258 0.098437 0.223005
2 0.532552 0.545775 0.114062 0.171362
2 0.519792 0.409038 0.072917 0.130282
2 0.620573 0.339202 0.081771 0.103286
2 0.639323 0.261150 0.049479 0.080986
2 0.551302 0.838615 0.158854 0.191315
2 0.775521 0.515258 0.094792 0.136150
2 0.789583 0.371479 0.063542 0.104460
2 0.686198 0.381455 0.074479 0.112676
4 0.785417 0.188380 0.054167 0.104460
