3 0.597135 0.833920 0.174479 0.205399
1 0.952604 0.718310 0.038542 0.119718
1 0.663542 0.618545 0.033333 0.096244
1 0.542188 0.475939 0.023958 0.083333
1 0.575781 0.449531 0.022396 0.075117
1 0.885156 0.596244 0.026562 0.103286
1 0.953385 0.583920 0.024479 0.078638
2 0.167969 0.536385 0.108854 0.122066
2 0.694271 0.350939 0.065625 0.091549
3 0.628906 0.480634 0.091146 0.224178
2 0.791667 0.615023 0.089583 0.161972
2 0.783333 0.440141 0.067708 0.117371
2 0.882292 0.469484 0.071875 0.126761
2 0.809896 0.321009 0.061458 0.106808
2 0.694010 0.367371 0.066146 0.100939
2 0.623437 0.349765 0.075000 0.122066
2 0.558073 0.339202 0.050521 0.098592
2 0.637240 0.274061 0.056771 0.083333
2 0.740365 0.268192 0.050521 0.066901
