1 0.740625 0.358568 0.016667 0.062207
1 0.573438 0.519953 0.022917 0.058685
1 0.567448 0.859155 0.040104 0.115023
1 0.158594 0.426056 0.026562 0.068075
0 0.214062 0.346831 0.019792 0.076291
1 0.844531 0.503521 0.018229 0.086854
1 0.913802 0.603873 0.034896 0.113850
1 0.954948 0.819249 0.042188 0.154930
1 0.955469 0.568662 0.020313 0.066901
1 0.896094 0.533451 0.030729 0.069249
1 0.765885 0.328638 0.019271 0.058685
3 0.692448 0.296948 0.078646 0.206573
2 0.760677 0.666667 0.095312 0.255869
2 0.833854 0.338615 0.052083 0.073944
2 0.821615 0.275235 0.058854 0.066901
2 0.792448 0.224765 0.040104 0.052817
