1 0.646615 0.291667 0.019271 0.055164
1 0.568229 0.525235 0.022917 0.090376
1 0.558073 0.855634 0.041146 0.122066
1 0.846354 0.518779 0.028125 0.077465
1 0.908073 0.603873 0.026562 0.088028
1 0.964323 0.829812 0.036979 0.145540
1 0.944271 0.588028 0.025000 0.077465
1 0.882552 0.454225 0.022396 0.084507
1 0.770573 0.335094 0.021354 0.078638
1 0.742969 0.363263 0.016146 0.064554
3 0.699219 0.301643 0.067187 0.159624
2 0.764583 0.664319 0.113542 0.220657
2 0.837240 0.338615 0.056771 0.078638
2 0.820312 0.262911 0.054167 0.082160
2 0.794010 0.228286 0.035937 0.041080
