1 0.6026041666666666 0.6566901408450705 0.027083333333333334 0.13732394366197184
1 0.9044270833333333 0.6226525821596244 0.024479166666666666 0.09976525821596244
1 0.8624999999999999 0.4254694835680751 0.01875 0.05751173708920188
1 0.8903645833333333 0.34624413145539906 0.011979166666666666 0.05868544600938967
1 0.7268229166666667 0.3333333333333333 0.0140625 0.06572769953051644
2 0.21171874999999998 0.744718309859155 0.09739583333333333 0.16784037558685447
2 0.825 0.8086854460093897 0.10520833333333333 0.20657276995305165
2 0.8536458333333333 0.2623239436619718 0.041666666666666664 0.06455399061032864
2 0.7859375 0.3039906103286385 0.041666666666666664 0.07276995305164319
2 0.8299479166666667 0.17546948356807512 0.027604166666666666 0.0528169014084507
2 0.8981770833333333 0.20363849765258216 0.0359375 0.07629107981220658
3 0.7229166666666667 0.2482394366197183 0.03333333333333333 0.04812206572769953
4 0.7739583333333333 0.47535211267605637 0.07916666666666666 0.2323943661971831
4 0.75 0.15786384976525822 0.06145833333333333 0.0715962441314554
