1 0.931250 0.565141 0.018750 0.106808
1 0.984115 0.577465 0.025521 0.096244
1 0.882552 0.421948 0.020313 0.085681
1 0.886719 0.340376 0.026562 0.070423
1 0.158073 0.516432 0.044271 0.082160
2 0.838542 0.303991 0.042708 0.084507
2 0.878385 0.259977 0.043229 0.055164
2 0.777865 0.404930 0.068229 0.110329
2 0.838542 0.478286 0.065625 0.134977
2 0.596354 0.805164 0.135417 0.208920
2 0.669271 0.394366 0.064583 0.122066
2 0.633333 0.292254 0.040625 0.068075
2 0.715625 0.261737 0.048958 0.058685
2 0.188281 0.693662 0.086979 0.201878
3 0.724219 0.182512 0.068229 0.099765
2 0.757552 0.330399 0.071354 0.073944
4 0.799479 0.228286 0.068750 0.132629
