1 0.927344 0.551056 0.021354 0.085681
1 0.985156 0.578052 0.028646 0.109155
1 0.968229 0.488850 0.020833 0.071596
1 0.879427 0.433099 0.023438 0.086854
2 0.780729 0.400235 0.069792 0.100939
2 0.838281 0.474178 0.060937 0.131455
2 0.846875 0.297535 0.043750 0.080986
2 0.875781 0.254695 0.034896 0.044601
2 0.753125 0.323357 0.046875 0.078638
2 0.715625 0.262324 0.045833 0.083333
2 0.666667 0.391432 0.048958 0.123239
2 0.580469 0.799296 0.124479 0.208920
2 0.195052 0.689554 0.089063 0.205399
2 0.623177 0.302230 0.053646 0.071596
2 0.405469 0.226526 0.066146 0.079812
4 0.805208 0.230047 0.062500 0.119718
4 0.789583 0.159038 0.054167 0.071596
