1 0.707552 0.633216 0.030729 0.125587
1 0.830469 0.725352 0.045312 0.122066
1 0.901823 0.663146 0.025521 0.084507
1 0.932292 0.577465 0.028125 0.110329
1 0.898698 0.477113 0.021354 0.090376
1 0.928906 0.430751 0.018229 0.072770
1 0.952344 0.414319 0.015104 0.070423
1 0.923177 0.842136 0.034896 0.134977
2 0.792448 0.392019 0.045312 0.084507
3 0.905208 0.286972 0.062500 0.205399
3 0.511458 0.824531 0.225000 0.219484
3 0.801042 0.132629 0.081250 0.089202
1 0.136719 0.503521 0.033854 0.072770
2 0.596615 0.382042 0.061979 0.092723
2 0.170052 0.290493 0.083854 0.102113
2 0.832812 0.250000 0.035417 0.079812
2 0.704427 0.126174 0.041146 0.048122
2 0.186198 0.800469 0.140104 0.225352
4 0.684375 0.326291 0.084375 0.180751
4 0.502604 0.194249 0.119792 0.102113
4 0.792188 0.286972 0.060417 0.099765
