1 0.568229 0.835094 0.050000 0.144366
1 0.241667 0.438380 0.022917 0.071596
1 0.796354 0.249413 0.022917 0.062207
1 0.838281 0.315141 0.021354 0.055164
1 0.889323 0.389671 0.017188 0.051643
1 0.948438 0.531690 0.030208 0.100939
1 0.917969 0.375587 0.017188 0.053991
2 0.669271 0.582746 0.103125 0.160798
2 0.787500 0.465376 0.082292 0.158451
2 0.736198 0.271127 0.061979 0.089202
2 0.776042 0.197770 0.040625 0.052817
2 0.890625 0.288146 0.051042 0.102113
3 0.752604 0.172535 0.052083 0.075117
2 0.164062 0.488263 0.080208 0.112676
4 0.217969 0.666667 0.153646 0.363850
4 0.820573 0.183685 0.049479 0.076291
