1 0.915625 0.372653 0.017708 0.071596
1 0.890104 0.375587 0.018750 0.053991
1 0.841927 0.306925 0.016146 0.048122
1 0.793490 0.252934 0.019271 0.073944
1 0.950000 0.529343 0.022917 0.103286
1 0.566406 0.852113 0.038021 0.133803
1 0.246354 0.438967 0.035417 0.077465
2 0.160417 0.491784 0.091667 0.103286
2 0.738281 0.270540 0.054688 0.097418
2 0.664062 0.589789 0.108333 0.177230
2 0.782292 0.471831 0.080208 0.159624
2 0.891146 0.293427 0.056250 0.086854
4 0.824479 0.195423 0.045833 0.090376
4 0.212760 0.667840 0.144271 0.342723
