1 0.338281 0.707746 0.035937 0.122066
1 0.319271 0.871479 0.034375 0.118545
1 0.583333 0.788146 0.033333 0.134977
1 0.618229 0.627347 0.032292 0.071596
1 0.684635 0.417840 0.023438 0.077465
1 0.745573 0.309272 0.021354 0.064554
1 0.836458 0.488263 0.038542 0.096244
1 0.863542 0.414319 0.026042 0.077465
3 0.185417 0.461854 0.142708 0.261737
1 0.881510 0.254695 0.013021 0.056338
3 0.741667 0.174296 0.088542 0.125587
2 0.717969 0.719484 0.114062 0.260563
2 0.779427 0.419014 0.072396 0.117371
2 0.876042 0.822183 0.133333 0.191315
2 0.320312 0.446596 0.075000 0.102113
2 0.139583 0.838615 0.143750 0.184272
