1 0.771875 0.481808 0.022917 0.055164
1 0.814323 0.480047 0.023438 0.063380
1 0.863021 0.508803 0.026042 0.097418
1 0.845833 0.576291 0.022917 0.075117
1 0.869010 0.646127 0.020313 0.116197
1 0.909115 0.662559 0.025521 0.130282
1 0.906510 0.442488 0.017188 0.079812
1 0.901042 0.535798 0.027083 0.069249
1 0.865885 0.369131 0.022396 0.071596
1 0.831250 0.366197 0.022917 0.079812
1 0.846615 0.321596 0.016146 0.063380
1 0.729427 0.293427 0.015104 0.058685
1 0.759375 0.203052 0.016667 0.051643
2 0.609896 0.351526 0.064583 0.090376
2 0.617188 0.571009 0.092708 0.144366
2 0.963281 0.630282 0.073438 0.180751
4 0.726823 0.691901 0.130729 0.334507
4 0.802865 0.270540 0.061979 0.151408
4 0.730729 0.689554 0.143750 0.374413
