3 0.708594 0.183099 0.122396 0.161972
1 0.813281 0.625000 0.017188 0.118545
1 0.834896 0.553991 0.027083 0.077465
1 0.816146 0.464789 0.034375 0.105634
1 0.849219 0.387911 0.021354 0.062207
1 0.897656 0.491784 0.032813 0.056338
1 0.888021 0.572183 0.029167 0.066901
1 0.891406 0.693662 0.030729 0.096244
1 0.823958 0.788732 0.042708 0.117371
1 0.237240 0.615610 0.038021 0.085681
1 0.320573 0.496479 0.036979 0.093897
1 0.396615 0.492371 0.038021 0.071596
1 0.851302 0.320423 0.025521 0.044601
1 0.790104 0.251761 0.027083 0.062207
1 0.827604 0.238263 0.021875 0.061033
1 0.884896 0.376174 0.025000 0.059859
1 0.892448 0.313380 0.023438 0.058685
2 0.731771 0.288732 0.053125 0.082160
2 0.737500 0.491784 0.080208 0.180751
2 0.632031 0.761737 0.130729 0.239437
2 0.167187 0.513498 0.092708 0.095070
2 0.794531 0.362676 0.083854 0.096244
2 0.961719 0.625587 0.076563 0.169014
