1 0.6302083333333334 0.7799295774647887 0.03229166666666666 0.1396713615023474
1 0.9010416666666666 0.693075117370892 0.027083333333333334 0.1396713615023474
1 0.9104166666666667 0.5158450704225352 0.025 0.11150234741784038
1 0.8557291666666667 0.3192488262910798 0.021875 0.07276995305164319
1 0.24270833333333333 0.517018779342723 0.029166666666666667 0.1091549295774648
1 0.17239583333333333 0.4501173708920188 0.029166666666666667 0.06924882629107981
4 0.8002604166666667 0.3597417840375587 0.06927083333333334 0.16314553990610328
4 0.8760416666666666 0.13556338028169015 0.04583333333333333 0.06690140845070423
2 0.5666666666666667 0.3550469483568075 0.052083333333333336 0.0715962441314554
2 0.39375 0.5809859154929577 0.10104166666666667 0.14084507042253522
2 0.8807291666666667 0.28462441314553993 0.041666666666666664 0.06690140845070423
2 0.8872395833333333 0.1977699530516432 0.030729166666666665 0.05046948356807512
2 0.7294270833333333 0.2852112676056338 0.0484375 0.06572769953051644
3 0.7671875 0.812793427230047 0.12291666666666666 0.21948356807511737
2 0.8440104166666667 0.22711267605633803 0.044270833333333336 0.06924882629107981
