1 0.815365 0.488263 0.030729 0.082160
1 0.815104 0.623239 0.037500 0.082160
1 0.827604 0.785798 0.031250 0.104460
1 0.891146 0.693075 0.028125 0.085681
1 0.889062 0.558685 0.026042 0.079812
1 0.894271 0.497066 0.027083 0.066901
1 0.919531 0.398474 0.023438 0.090376
1 0.880469 0.383216 0.021354 0.078638
1 0.843490 0.398474 0.024479 0.069249
1 0.849479 0.311620 0.021875 0.052817
1 0.790625 0.252347 0.016667 0.051643
1 0.241927 0.603286 0.039062 0.093897
1 0.318750 0.485329 0.036458 0.085681
1 0.394010 0.492958 0.045312 0.063380
2 0.731771 0.287559 0.056250 0.091549
3 0.712760 0.173122 0.116146 0.111502
2 0.628906 0.757042 0.110937 0.208920
2 0.729688 0.493545 0.071875 0.149061
2 0.170573 0.508803 0.075521 0.083333
2 0.966927 0.623826 0.066146 0.186620
4 0.865365 0.170775 0.045312 0.111502
