2 0.375000 0.761737 0.156250 0.237089
2 0.843750 0.828052 0.136458 0.205399
1 0.894010 0.457160 0.025521 0.078638
1 0.904427 0.593897 0.027604 0.117371
1 0.876302 0.645540 0.032813 0.105634
1 0.949219 0.836268 0.035937 0.151408
1 0.864844 0.333333 0.022396 0.063380
2 0.966667 0.623239 0.066667 0.164319
2 0.659375 0.569249 0.087500 0.133803
2 0.810677 0.566315 0.061979 0.146714
2 0.808594 0.423122 0.049479 0.109155
2 0.802344 0.303404 0.044271 0.102113
2 0.712760 0.326291 0.046354 0.093897
2 0.707812 0.228286 0.052083 0.080986
4 0.786719 0.174883 0.042188 0.091549
4 0.638021 0.171948 0.102083 0.125587
