2 0.121354 0.420188 0.094792 0.098592
1 0.174479 0.657277 0.035417 0.075117
1 0.231510 0.436620 0.029687 0.061033
1 0.586979 0.681925 0.031250 0.103286
1 0.644271 0.569836 0.038542 0.078638
1 0.698958 0.602113 0.029167 0.082160
1 0.707812 0.502347 0.021875 0.063380
1 0.890885 0.809272 0.031771 0.142019
1 0.900000 0.683685 0.036458 0.088028
1 0.898958 0.552817 0.035417 0.079812
1 0.857552 0.522887 0.020313 0.085681
1 0.903125 0.462441 0.033333 0.072770
1 0.898438 0.400822 0.018750 0.064554
1 0.871354 0.379695 0.022917 0.071596
1 0.891927 0.283451 0.020313 0.064554
1 0.723437 0.228286 0.016667 0.048122
1 0.702604 0.246479 0.016667 0.053991
2 0.612500 0.170188 0.058333 0.058685
2 0.485677 0.210681 0.052604 0.059859
2 0.548698 0.502934 0.086979 0.130282
2 0.669271 0.403169 0.058333 0.078638
2 0.746615 0.315728 0.057813 0.075117
2 0.791146 0.457746 0.071875 0.131455
2 0.769792 0.248826 0.043750 0.070423
2 0.787760 0.826878 0.116146 0.170188
2 0.958073 0.619131 0.083854 0.257042
4 0.817708 0.294014 0.071875 0.160798
