3 0.604427 0.470657 0.114062 0.298122
1 0.227083 0.500587 0.033333 0.059859
1 0.186458 0.459507 0.039583 0.062207
1 0.326302 0.814554 0.045312 0.145540
1 0.716927 0.611502 0.029687 0.100939
1 0.857292 0.695423 0.023958 0.106808
1 0.886198 0.629695 0.022396 0.106808
1 0.924219 0.833333 0.042188 0.119718
1 0.901563 0.481808 0.027083 0.076291
1 0.926302 0.441901 0.018229 0.071596
1 0.789844 0.366784 0.022396 0.059859
1 0.703646 0.296948 0.014583 0.051643
1 0.645833 0.297535 0.027083 0.038732
2 0.223698 0.707160 0.080729 0.198357
2 0.964583 0.640258 0.070833 0.193662
3 0.837240 0.441315 0.101562 0.258216
2 0.810156 0.299883 0.042188 0.097418
2 0.772656 0.217723 0.057813 0.069249
4 0.875000 0.270540 0.050000 0.109155
