1 0.321354 0.811620 0.041667 0.149061
1 0.221615 0.508216 0.035937 0.075117
1 0.718229 0.624413 0.029167 0.117371
1 0.856250 0.701291 0.030208 0.111502
1 0.884896 0.636150 0.032292 0.096244
1 0.923438 0.844484 0.038542 0.139671
1 0.905469 0.473005 0.030729 0.077465
1 0.684115 0.262324 0.019271 0.055164
2 0.768229 0.218310 0.052083 0.058685
2 0.810156 0.295775 0.060937 0.096244
3 0.835938 0.430751 0.084375 0.211268
3 0.600521 0.467723 0.120833 0.285211
2 0.965885 0.632629 0.068229 0.215962
2 0.222917 0.687793 0.085417 0.171362
4 0.883333 0.262324 0.043750 0.113850
4 0.740104 0.311033 0.052083 0.147887
