1 0.685156 0.734155 0.036979 0.123239
1 0.872396 0.705986 0.037500 0.116197
1 0.880469 0.595070 0.035937 0.103286
1 0.888281 0.429577 0.027604 0.079812
1 0.835677 0.467136 0.025521 0.082160
1 0.836198 0.357981 0.020313 0.075117
1 0.877083 0.346244 0.018750 0.053991
1 0.858854 0.317488 0.016667 0.059859
1 0.907813 0.362676 0.020833 0.075117
1 0.222656 0.619718 0.033854 0.103286
2 0.671615 0.461268 0.065104 0.143192
2 0.776563 0.607394 0.085417 0.228873
2 0.961719 0.627934 0.076563 0.176056
2 0.536198 0.828052 0.132812 0.191315
3 0.153385 0.466549 0.135937 0.144366
2 0.760417 0.406103 0.066667 0.107981
2 0.774740 0.310446 0.067187 0.099765
2 0.589063 0.197183 0.058333 0.077465
2 0.396875 0.228286 0.092708 0.102113
4 0.820573 0.223592 0.054688 0.134977
4 0.774740 0.122066 0.053646 0.075117
