1 0.322396 0.480634 0.034375 0.085681
1 0.237760 0.509977 0.040104 0.080986
1 0.244271 0.839789 0.041667 0.179577
1 0.158333 0.483568 0.027083 0.077465
1 0.707292 0.696009 0.030208 0.079812
1 0.876563 0.855634 0.051042 0.133803
1 0.910417 0.661972 0.026042 0.129108
1 0.861458 0.650235 0.021875 0.122066
1 0.884896 0.507629 0.034375 0.118545
1 0.694531 0.470070 0.023438 0.076291
2 0.791667 0.578052 0.087500 0.160798
1 0.864323 0.420775 0.023438 0.092723
1 0.839844 0.393192 0.025521 0.072770
1 0.913281 0.404930 0.029687 0.100939
1 0.823698 0.289906 0.017188 0.058685
3 0.768229 0.150235 0.071875 0.110329
2 0.454688 0.608568 0.117708 0.181925
2 0.577344 0.741197 0.121354 0.212441
2 0.632552 0.413146 0.072396 0.129108
2 0.773438 0.334507 0.064583 0.110329
2 0.967708 0.626174 0.064583 0.207746
