2 0.250521 0.538146 0.089583 0.104460
1 0.892188 0.666667 0.045833 0.117371
1 0.824219 0.593310 0.027604 0.106808
1 0.778125 0.569836 0.031250 0.092723
1 0.733333 0.693075 0.036458 0.111502
1 0.727865 0.451291 0.024479 0.111502
1 0.783073 0.433685 0.024479 0.071596
1 0.831771 0.492371 0.023958 0.062207
1 0.888802 0.477113 0.030729 0.085681
1 0.923438 0.417254 0.032292 0.092723
1 0.881510 0.379108 0.027604 0.072770
1 0.840625 0.392606 0.017708 0.080986
1 0.371094 0.524061 0.025521 0.073944
1 0.161719 0.447770 0.032813 0.073944
2 0.612760 0.586268 0.102604 0.153756
2 0.734635 0.241784 0.048438 0.053991
2 0.808854 0.238850 0.043750 0.059859
2 0.964323 0.630869 0.071354 0.224178
4 0.440625 0.815141 0.226042 0.217136
