1 0.736979 0.687793 0.029167 0.124413
1 0.366406 0.532277 0.027604 0.099765
1 0.161979 0.439554 0.037500 0.062207
1 0.776042 0.586268 0.025000 0.078638
1 0.824740 0.612676 0.027604 0.117371
1 0.892188 0.674296 0.023958 0.104460
1 0.728906 0.484742 0.020313 0.110329
1 0.778125 0.441901 0.021875 0.071596
1 0.835677 0.491197 0.026562 0.062207
1 0.893490 0.468310 0.030729 0.049296
1 0.924219 0.414906 0.032813 0.069249
1 0.851823 0.426643 0.015104 0.073944
2 0.742708 0.188380 0.043750 0.050469
2 0.256510 0.532277 0.080729 0.099765
2 0.624479 0.578052 0.121875 0.165493
2 0.962240 0.622653 0.075521 0.210094
2 0.806250 0.228873 0.044792 0.058685
2 0.852604 0.335681 0.056250 0.079812
2 0.728646 0.250000 0.045833 0.061033
4 0.424219 0.812793 0.223438 0.214789
