1 0.805729 0.615023 0.028125 0.086854
1 0.865365 0.562207 0.032813 0.075117
1 0.870313 0.689554 0.030208 0.104460
1 0.889062 0.869131 0.044792 0.099765
1 0.711979 0.473005 0.029167 0.065728
1 0.923438 0.436033 0.026042 0.083333
1 0.658854 0.246479 0.022917 0.049296
1 0.854167 0.343897 0.021875 0.070423
2 0.678906 0.816315 0.139063 0.200704
2 0.750000 0.200117 0.030208 0.038732
2 0.230208 0.664906 0.082292 0.174883
2 0.964063 0.630282 0.071875 0.223005
4 0.191146 0.443075 0.140625 0.200704
4 0.788281 0.335094 0.082812 0.174883
