1 0.2375 0.5187793427230047 0.028125 0.07981220657276995
1 0.17265625 0.44014084507042256 0.022395833333333334 0.07981220657276995
1 0.6270833333333333 0.761150234741784 0.03333333333333333 0.12323943661971831
1 0.9 0.6825117370892019 0.029166666666666667 0.13028169014084506
1 0.91171875 0.5181924882629108 0.028645833333333332 0.09741784037558686
1 0.8583333333333333 0.32805164319248825 0.029166666666666667 0.07863849765258216
2 0.84375 0.22241784037558687 0.035416666666666666 0.06924882629107981
2 0.7296875 0.2822769953051643 0.040625 0.09507042253521127
2 0.5747395833333333 0.36737089201877937 0.0828125 0.09859154929577466
2 0.39557291666666666 0.5997652582159625 0.1359375 0.16666666666666666
2 0.8807291666666667 0.29225352112676056 0.046875 0.07511737089201878
2 0.884375 0.18838028169014084 0.029166666666666667 0.045774647887323945
3 0.796875 0.34507042253521125 0.06458333333333333 0.18544600938967137
