1 0.656510 0.319836 0.019271 0.064554
1 0.174740 0.504108 0.029687 0.059859
1 0.135417 0.444249 0.025000 0.064554
1 0.871615 0.576291 0.023438 0.075117
1 0.896875 0.525822 0.026042 0.077465
1 0.845833 0.468897 0.023958 0.085681
1 0.913542 0.422535 0.020833 0.077465
1 0.861198 0.401408 0.018229 0.065728
2 0.708073 0.404343 0.060937 0.132629
3 0.682292 0.243545 0.070833 0.109155
3 0.812500 0.296362 0.061458 0.123239
2 0.603385 0.779930 0.130729 0.259390
4 0.775781 0.722418 0.135937 0.400235
4 0.852344 0.170775 0.061979 0.097418
