1 0.879687 0.692488 0.027083 0.103286
1 0.922656 0.711268 0.026562 0.115023
1 0.891146 0.856808 0.035417 0.124413
1 0.958854 0.859742 0.052083 0.118545
1 0.863281 0.443075 0.025521 0.085681
1 0.915104 0.443662 0.030208 0.077465
1 0.903385 0.567488 0.026562 0.106808
1 0.890104 0.360329 0.011458 0.058685
1 0.746094 0.299296 0.019271 0.053991
0 0.673958 0.281690 0.020833 0.082160
1 0.278385 0.588615 0.021354 0.106808
1 0.208854 0.607981 0.046875 0.100939
2 0.553646 0.836854 0.131250 0.185446
2 0.781771 0.764085 0.122917 0.258216
2 0.802344 0.506455 0.090104 0.149061
2 0.781510 0.386150 0.073438 0.112676
2 0.618229 0.306925 0.051042 0.078638
2 0.785417 0.265258 0.073958 0.068075
3 0.877604 0.278756 0.083333 0.130282
2 0.964063 0.612089 0.071875 0.226526
4 0.850000 0.208333 0.063542 0.118545
4 0.660156 0.551056 0.120313 0.268779
