1 0.878906 0.707160 0.031771 0.132629
1 0.922917 0.702465 0.025000 0.123239
1 0.894531 0.845070 0.030729 0.117371
1 0.962500 0.863263 0.054167 0.125587
1 0.274219 0.588615 0.040104 0.109155
1 0.201823 0.612089 0.034896 0.120892
0 0.673698 0.282277 0.021354 0.085681
1 0.861458 0.446009 0.020833 0.103286
1 0.914583 0.453052 0.029167 0.100939
1 0.900260 0.408451 0.023438 0.068075
1 0.886458 0.365610 0.018750 0.059859
1 0.898698 0.573357 0.035937 0.111502
1 0.742969 0.302817 0.022396 0.049296
2 0.964063 0.630282 0.071875 0.215962
2 0.792708 0.505282 0.083333 0.125587
2 0.789583 0.768192 0.106250 0.224178
2 0.561719 0.832746 0.189062 0.172535
2 0.773958 0.389085 0.078125 0.111502
2 0.611458 0.316901 0.071875 0.105634
3 0.873958 0.274061 0.057292 0.139671
4 0.848958 0.214789 0.050000 0.136150
4 0.658854 0.540493 0.112500 0.275822
