1 0.849219 0.493545 0.024479 0.111502
1 0.878906 0.707746 0.033854 0.136150
1 0.873177 0.609155 0.026562 0.107981
1 0.888542 0.558099 0.028125 0.104460
1 0.887760 0.485329 0.026562 0.064554
1 0.884635 0.352700 0.020313 0.066901
1 0.857292 0.393779 0.014583 0.071596
1 0.787500 0.320423 0.021875 0.065728
2 0.948177 0.575704 0.103646 0.198357
2 0.792188 0.401408 0.069792 0.110329
2 0.574219 0.518192 0.101562 0.184272
2 0.751042 0.238263 0.048958 0.072770
4 0.835156 0.264671 0.057813 0.132629
4 0.788281 0.634390 0.132812 0.334507
4 0.715885 0.193075 0.047396 0.092723
