1 0.881250 0.694836 0.034375 0.140845
1 0.863281 0.821596 0.049479 0.129108
1 0.904427 0.561620 0.024479 0.088028
3 0.601042 0.663146 0.158333 0.291080
3 0.334115 0.807512 0.234896 0.234742
1 0.848958 0.455986 0.021875 0.090376
1 0.731510 0.328638 0.016146 0.070423
2 0.674219 0.397300 0.076563 0.149061
2 0.890104 0.309859 0.056250 0.098592
2 0.750000 0.230634 0.050000 0.085681
4 0.704688 0.188380 0.055208 0.088028
4 0.837760 0.222418 0.064062 0.125587
4 0.779948 0.431925 0.097396 0.281690
2 0.760938 0.803991 0.096875 0.211268
