1 0.623437 0.655516 0.038542 0.123239
1 0.646094 0.538146 0.031771 0.090376
1 0.559635 0.505282 0.030729 0.111502
1 0.510677 0.589202 0.039062 0.129108
1 0.307292 0.732981 0.043750 0.111502
1 0.162760 0.497653 0.045312 0.082160
1 0.164062 0.383216 0.027083 0.048122
1 0.847135 0.604460 0.039062 0.107981
1 0.882031 0.656103 0.021354 0.107981
1 0.931510 0.705986 0.032813 0.085681
1 0.965885 0.823357 0.040104 0.172535
3 0.909635 0.368545 0.103646 0.258216
3 0.738542 0.389085 0.082292 0.153756
3 0.637240 0.268192 0.066146 0.095070
2 0.759896 0.242371 0.035417 0.073944
2 0.695573 0.220657 0.036979 0.053991
2 0.644271 0.434272 0.061458 0.112676
2 0.199740 0.710681 0.089063 0.214789
2 0.201042 0.282864 0.097917 0.086854
4 0.801823 0.272300 0.058854 0.159624
4 0.736979 0.674296 0.131250 0.379108
