1 0.317188 0.737089 0.030208 0.117371
1 0.260156 0.866784 0.044271 0.127934
1 0.320573 0.885563 0.040104 0.076291
1 0.681771 0.551056 0.026042 0.085681
1 0.738542 0.466549 0.035417 0.069249
1 0.719010 0.380869 0.020313 0.090376
1 0.110156 0.473592 0.028646 0.071596
1 0.896615 0.638498 0.029687 0.098592
1 0.882292 0.518779 0.020833 0.075117
1 0.926302 0.611502 0.023438 0.082160
2 0.716406 0.231221 0.041146 0.065728
2 0.215365 0.675469 0.094271 0.196009
2 0.173437 0.284038 0.085417 0.105634
2 0.772656 0.586854 0.079687 0.169014
2 0.858073 0.793427 0.113021 0.227700
4 0.791667 0.367958 0.087500 0.191315
