1 0.739583 0.254108 0.013542 0.038732
1 0.465625 0.870892 0.048958 0.096244
1 0.624740 0.859155 0.050521 0.147887
1 0.174219 0.394953 0.031771 0.073944
1 0.946354 0.652582 0.038542 0.117371
1 0.966667 0.823357 0.041667 0.146714
1 0.983073 0.640845 0.033854 0.129108
1 0.934896 0.474765 0.025000 0.090376
3 0.700781 0.213028 0.078646 0.123239
2 0.784115 0.376761 0.055729 0.100939
2 0.772135 0.507042 0.071354 0.119718
2 0.858854 0.569836 0.081250 0.156103
2 0.867708 0.409624 0.063542 0.131455
2 0.880469 0.291667 0.047396 0.080986
2 0.738021 0.684272 0.116667 0.223005
2 0.623698 0.560446 0.108854 0.186620
2 0.667448 0.343897 0.071354 0.107981
2 0.590365 0.308685 0.052604 0.115023
2 0.307552 0.546362 0.078646 0.132629
2 0.178906 0.524648 0.099479 0.138498
2 0.236458 0.266432 0.087500 0.091549
2 0.279687 0.854460 0.141667 0.161972
4 0.818490 0.262911 0.060937 0.136150
