1 0.730990 0.370892 0.027604 0.079812
1 0.669010 0.809859 0.040104 0.145540
1 0.929688 0.812793 0.051042 0.139671
1 0.960156 0.621479 0.031771 0.111502
1 0.916406 0.502934 0.027604 0.130282
1 0.282292 0.566315 0.030208 0.113850
1 0.188281 0.545188 0.026562 0.106808
1 0.751563 0.296362 0.023958 0.069249
3 0.802604 0.625587 0.176042 0.636150
2 0.175260 0.826291 0.114062 0.176056
2 0.595833 0.294014 0.054167 0.085681
2 0.804427 0.258216 0.046354 0.065728
4 0.656510 0.434272 0.081771 0.230047
4 0.519531 0.801056 0.215104 0.259390
4 0.711458 0.248826 0.057292 0.119718
