1 0.24296874999999998 0.4495305164319249 0.0296875 0.07981220657276995
1 0.13255208333333332 0.5146713615023474 0.028645833333333332 0.0903755868544601
1 0.14401041666666667 0.46830985915492956 0.030729166666666665 0.07511737089201878
1 0.2942708333333333 0.6772300469483569 0.0375 0.11032863849765258
1 0.55234375 0.6208920187793427 0.025520833333333333 0.12206572769953052
1 0.65234375 0.5803990610328639 0.030729166666666665 0.10211267605633803
1 0.9005208333333333 0.5821596244131455 0.025 0.09859154929577466
1 0.8677083333333333 0.4284037558685446 0.016666666666666666 0.08215962441314555
1 0.9455729166666667 0.4782863849765258 0.022395833333333334 0.08098591549295775
1 0.86875 0.3421361502347418 0.014583333333333334 0.06455399061032864
1 0.8122395833333333 0.2323943661971831 0.013020833333333334 0.04929577464788733
1 0.8963541666666667 0.3931924882629108 0.015625 0.07042253521126761
2 0.81875 0.6725352112676056 0.0875 0.2136150234741784
2 0.77421875 0.4524647887323944 0.05364583333333333 0.13028169014084506
2 0.821875 0.3532863849765258 0.042708333333333334 0.08450704225352113
3 0.75859375 0.1983568075117371 0.08697916666666666 0.1056338028169014
2 0.85703125 0.1942488262910798 0.04114583333333333 0.06924882629107981
4 0.7005208333333334 0.3163145539906103 0.06145833333333333 0.12323943661971831
