1 0.752865 0.301643 0.021354 0.061033
1 0.728646 0.375587 0.026042 0.100939
1 0.276823 0.555751 0.032813 0.106808
1 0.183594 0.536385 0.040104 0.075117
1 0.672396 0.801056 0.052083 0.137324
1 0.933594 0.806925 0.043229 0.142019
1 0.959115 0.624413 0.029687 0.105634
1 0.916667 0.492371 0.033333 0.095070
2 0.805990 0.258216 0.035937 0.072770
2 0.596354 0.303991 0.044792 0.079812
2 0.172396 0.807512 0.147917 0.234742
3 0.794792 0.642606 0.182292 0.571596
2 0.790104 0.321009 0.043750 0.055164
4 0.707552 0.248239 0.058854 0.142019
4 0.657292 0.434272 0.097917 0.223005
4 0.507552 0.793427 0.231771 0.269953
