1 0.601562 0.474178 0.026042 0.103286
1 0.607292 0.377934 0.026042 0.070423
1 0.197135 0.646714 0.043229 0.096244
1 0.206771 0.535798 0.033333 0.057512
1 0.173958 0.466549 0.031250 0.069249
1 0.918750 0.662559 0.029167 0.120892
1 0.958333 0.570423 0.027083 0.112676
1 0.918229 0.515845 0.031250 0.090376
2 0.702083 0.363850 0.061458 0.096244
3 0.823698 0.374413 0.115104 0.298122
2 0.670052 0.517606 0.073438 0.126761
2 0.850521 0.612089 0.076042 0.172535
2 0.172135 0.844484 0.180729 0.163146
2 0.774219 0.849178 0.138021 0.151408
4 0.697396 0.247066 0.055208 0.118545
