1 0.737240 0.407277 0.024479 0.098592
1 0.656250 0.275235 0.028125 0.059859
1 0.221615 0.541080 0.044271 0.079812
1 0.133073 0.518192 0.041146 0.073944
1 0.925521 0.589789 0.023958 0.120892
1 0.965365 0.608568 0.029687 0.146714
1 0.890885 0.548122 0.024479 0.119718
1 0.779687 0.271127 0.027083 0.058685
2 0.814323 0.410211 0.084896 0.113850
2 0.862240 0.328052 0.048438 0.069249
2 0.713281 0.351526 0.070312 0.092723
2 0.734375 0.254108 0.058333 0.092723
3 0.577604 0.345070 0.087500 0.152582
4 0.794010 0.714789 0.132812 0.427230
