1 0.680208 0.642019 0.023958 0.117371
1 0.699740 0.454812 0.021354 0.083333
1 0.878646 0.390258 0.023958 0.062207
1 0.935937 0.826291 0.057292 0.159624
1 0.961719 0.645540 0.038021 0.138498
2 0.723698 0.326878 0.065104 0.116197
2 0.645052 0.292254 0.047396 0.082160
2 0.224479 0.482394 0.114583 0.122066
2 0.232813 0.651408 0.095833 0.178404
2 0.781510 0.731221 0.113021 0.211268
2 0.921354 0.541667 0.071875 0.153756
3 0.702083 0.190728 0.061458 0.123239
2 0.837240 0.318662 0.048438 0.069249
4 0.804688 0.491784 0.097917 0.225352
