1 0.945312 0.404343 0.028125 0.099765
1 0.697656 0.459507 0.024479 0.085681
1 0.674479 0.642606 0.030208 0.144366
1 0.938281 0.812207 0.039062 0.152582
1 0.958594 0.655516 0.030729 0.106808
1 0.875781 0.387911 0.021354 0.076291
2 0.641667 0.292840 0.057292 0.073944
2 0.715625 0.322183 0.061458 0.097418
2 0.761979 0.217723 0.040625 0.071596
3 0.700521 0.184859 0.061458 0.078638
2 0.783854 0.743545 0.112500 0.235915
2 0.916667 0.535798 0.079167 0.139671
2 0.230208 0.651995 0.100000 0.191315
2 0.224479 0.471244 0.093750 0.146714
4 0.800000 0.492958 0.096875 0.239437
