1 0.861979 0.501761 0.026042 0.106808
1 0.979167 0.571596 0.036458 0.107981
1 0.333073 0.691315 0.041146 0.117371
1 0.967969 0.807512 0.025521 0.150235
1 0.930208 0.521127 0.021875 0.103286
1 0.865625 0.389085 0.031250 0.090376
1 0.907292 0.402582 0.021875 0.070423
1 0.675260 0.265258 0.014063 0.049296
2 0.113021 0.441315 0.082292 0.077465
2 0.790365 0.667840 0.105729 0.206573
2 0.898958 0.669014 0.083333 0.180751
2 0.795833 0.485329 0.076042 0.137324
2 0.728646 0.281690 0.062500 0.089202
2 0.635156 0.338028 0.076563 0.079812
4 0.662240 0.470657 0.092188 0.213615
4 0.478906 0.497066 0.115104 0.233568
4 0.414323 0.805751 0.307812 0.254695
