1 0.718750 0.587441 0.030208 0.125587
2 0.772917 0.404343 0.076042 0.120892
3 0.141406 0.803991 0.234896 0.279343
1 0.575781 0.394366 0.024479 0.079812
1 0.712240 0.386150 0.020313 0.075117
1 0.720833 0.318662 0.023958 0.050469
1 0.706250 0.279343 0.019792 0.058685
1 0.757812 0.313380 0.028125 0.056338
1 0.824219 0.334507 0.027604 0.056338
1 0.906771 0.694836 0.026042 0.105634
1 0.872656 0.551056 0.026562 0.095070
1 0.904167 0.512911 0.023958 0.061033
1 0.938542 0.556338 0.023958 0.075117
2 0.523958 0.205986 0.070833 0.048122
2 0.872135 0.416080 0.061979 0.118545
3 0.670833 0.312793 0.042708 0.080986
2 0.603646 0.649648 0.096875 0.196009
2 0.173698 0.494131 0.084896 0.103286
2 0.857552 0.313380 0.047396 0.077465
2 0.810417 0.261737 0.036458 0.072770
4 0.619531 0.175469 0.041146 0.073944
4 0.805208 0.583920 0.105208 0.245305
