1 0.15130208333333334 0.45129107981220656 0.027604166666666666 0.0715962441314554
1 0.5752604166666666 0.710680751173709 0.0328125 0.12323943661971831
1 0.7177083333333333 0.7934272300469484 0.029166666666666667 0.13849765258215962
1 0.840625 0.6449530516431925 0.034375 0.11619718309859155
1 0.9075520833333334 0.7130281690140845 0.03177083333333333 0.12323943661971831
1 0.8778645833333333 0.5663145539906104 0.027604166666666666 0.08568075117370892
1 0.9411458333333333 0.6038732394366197 0.03229166666666666 0.1279342723004695
1 0.9078125 0.49119718309859156 0.021875 0.09507042253521127
1 0.8958333333333334 0.4301643192488263 0.026041666666666668 0.0903755868544601
1 0.7049479166666667 0.4330985915492958 0.019270833333333334 0.08685446009389672
1 0.675 0.4348591549295775 0.022916666666666665 0.09976525821596244
1 0.71484375 0.340962441314554 0.015104166666666667 0.0715962441314554
1 0.6833333333333333 0.340962441314554 0.016666666666666666 0.05516431924882629
1 0.6692708333333334 0.3274647887323944 0.020833333333333332 0.06807511737089202
1 0.7416666666666667 0.2775821596244131 0.016666666666666666 0.0528169014084507
1 0.86875 0.3397887323943662 0.019791666666666666 0.06924882629107981
1 0.8838541666666666 0.3098591549295775 0.011458333333333333 0.06338028169014084
2 0.59453125 0.39260563380281693 0.0671875 0.11150234741784038
4 0.7591145833333334 0.4642018779342723 0.06822916666666666 0.20305164319248828
4 0.20364583333333333 0.7294600938967136 0.18958333333333333 0.33685446009389675
2 0.8221354166666667 0.35093896713615025 0.0421875 0.07981220657276995
2 0.8549479166666667 0.27816901408450706 0.04739583333333333 0.06338028169014084
2 0.85 0.22535211267605634 0.03229166666666666 0.07042253521126761
