1 0.666927 0.281690 0.021354 0.058685
1 0.518750 0.535211 0.038542 0.086854
1 0.516667 0.747653 0.042708 0.098592
1 0.173437 0.517019 0.037500 0.080986
1 0.928125 0.616197 0.028125 0.133803
1 0.972396 0.577465 0.029167 0.082160
2 0.568750 0.439554 0.062500 0.097418
3 0.738281 0.209507 0.072396 0.130282
2 0.708073 0.821009 0.132812 0.207746
2 0.808854 0.550469 0.079167 0.145540
3 0.868490 0.777582 0.102604 0.231221
3 0.631510 0.518192 0.101562 0.179577
2 0.895312 0.427230 0.056250 0.105634
2 0.761198 0.281690 0.058854 0.068075
4 0.820052 0.352113 0.079687 0.201878
4 0.803385 0.195423 0.047396 0.102113
