1 0.741146 0.378521 0.022917 0.069249
1 0.664062 0.428991 0.021875 0.080986
1 0.624740 0.500587 0.029687 0.088028
1 0.266667 0.536972 0.031250 0.090376
1 0.248438 0.460681 0.021875 0.055164
1 0.571354 0.810446 0.032292 0.120892
1 0.915365 0.791080 0.044271 0.140845
1 0.978385 0.526995 0.027604 0.077465
2 0.747656 0.508803 0.074479 0.130282
2 0.700000 0.667254 0.102083 0.191315
2 0.814063 0.673122 0.131250 0.212441
2 0.796354 0.376174 0.056250 0.106808
3 0.864323 0.382629 0.043229 0.122066
2 0.205469 0.731221 0.092188 0.159624
2 0.159115 0.475939 0.098437 0.092723
4 0.848437 0.274061 0.065625 0.144366
4 0.611198 0.281690 0.056771 0.157277
