1 0.625260 0.491784 0.027604 0.096244
1 0.576823 0.819249 0.045312 0.110329
1 0.269792 0.525822 0.040625 0.091549
1 0.245312 0.463028 0.021875 0.064554
1 0.257031 0.435446 0.023438 0.065728
1 0.233333 0.405516 0.028125 0.055164
1 0.803385 0.265845 0.016146 0.059859
1 0.739323 0.380282 0.018229 0.075117
1 0.662500 0.430751 0.018750 0.089202
1 0.677865 0.305164 0.014063 0.049296
1 0.723698 0.310446 0.027604 0.052817
1 0.750000 0.312793 0.015625 0.038732
1 0.770312 0.268779 0.017708 0.044601
1 0.922917 0.780516 0.038542 0.143192
2 0.688802 0.681925 0.121354 0.187793
2 0.198177 0.731808 0.078646 0.184272
2 0.145313 0.484155 0.094792 0.088028
2 0.751563 0.500587 0.076042 0.123239
2 0.817969 0.660211 0.099479 0.167840
2 0.797396 0.386150 0.059375 0.100939
3 0.867708 0.372066 0.055208 0.119718
4 0.605208 0.283451 0.072917 0.127934
4 0.849740 0.269953 0.069271 0.131455
