2 0.693490 0.476526 0.082812 0.119718
2 0.633854 0.343897 0.058333 0.089202
2 0.838802 0.428991 0.067187 0.071596
1 0.931510 0.728873 0.033854 0.098592
1 0.617708 0.507042 0.026042 0.096244
1 0.195573 0.419014 0.035937 0.082160
1 0.622396 0.438967 0.021875 0.063380
1 0.577083 0.433099 0.021875 0.072770
1 0.748698 0.518192 0.027604 0.076291
1 0.748698 0.372066 0.020313 0.089202
1 0.903125 0.621479 0.026042 0.097418
1 0.961719 0.653169 0.033854 0.104460
1 0.902865 0.846831 0.051562 0.149061
1 0.935677 0.594484 0.026562 0.078638
1 0.902865 0.541667 0.026562 0.057512
1 0.900521 0.482394 0.017708 0.051643
1 0.925781 0.447770 0.024479 0.090376
1 0.978125 0.515845 0.027083 0.104460
1 0.767969 0.357394 0.016146 0.083333
2 0.458333 0.578052 0.116667 0.193662
2 0.515104 0.849178 0.167708 0.170188
2 0.839323 0.345070 0.056771 0.100939
2 0.784896 0.313967 0.055208 0.085681
4 0.822656 0.622653 0.123438 0.339202
4 0.705208 0.313380 0.052083 0.164319
4 0.680990 0.210681 0.064062 0.099765
