1 0.629427 0.580399 0.026562 0.092723
1 0.717187 0.434859 0.021875 0.080986
2 0.676042 0.261737 0.048958 0.075117
3 0.746354 0.742958 0.162500 0.387324
1 0.107813 0.450117 0.031250 0.083333
1 0.913542 0.796362 0.042708 0.123239
1 0.876302 0.679577 0.020313 0.098592
1 0.931510 0.710094 0.022396 0.112676
1 0.977344 0.693662 0.023438 0.089202
1 0.859115 0.514671 0.023438 0.095070
1 0.835417 0.568662 0.022917 0.078638
1 0.884115 0.489437 0.027604 0.086854
1 0.913021 0.437793 0.019792 0.068075
2 0.534635 0.667840 0.115104 0.180751
2 0.589583 0.407864 0.052083 0.097418
4 0.835156 0.304577 0.072396 0.170188
4 0.793229 0.413732 0.078125 0.174883
4 0.310937 0.238850 0.104167 0.104460
