1 0.884896 0.623826 0.027083 0.102113
1 0.668229 0.697183 0.041667 0.122066
1 0.712240 0.654343 0.025521 0.102113
1 0.238281 0.625587 0.035937 0.115023
1 0.162760 0.569249 0.033854 0.089202
1 0.165885 0.498239 0.028646 0.073944
1 0.911198 0.488850 0.023438 0.080986
1 0.857812 0.494718 0.021875 0.083333
1 0.969792 0.545775 0.028125 0.115023
2 0.802083 0.544601 0.071875 0.126761
2 0.649219 0.423709 0.075521 0.096244
2 0.359115 0.864437 0.134896 0.130282
3 0.799479 0.344484 0.095833 0.205399
4 0.530208 0.562207 0.130208 0.279343
4 0.751563 0.239437 0.061458 0.117371
4 0.678906 0.292254 0.064062 0.124413
