1 0.707552 0.657864 0.039062 0.149061
1 0.663802 0.707746 0.043229 0.133803
1 0.237760 0.620892 0.032813 0.117371
1 0.164062 0.566901 0.022917 0.082160
1 0.164062 0.494718 0.032292 0.083333
1 0.884896 0.624413 0.040625 0.133803
1 0.968229 0.538146 0.033333 0.137324
1 0.912240 0.474765 0.031771 0.102113
1 0.862240 0.481808 0.033854 0.109155
1 0.881771 0.435446 0.016667 0.079812
3 0.793229 0.332160 0.089583 0.183099
2 0.645833 0.431338 0.059375 0.090376
2 0.371615 0.875587 0.123438 0.105634
2 0.796094 0.552817 0.070312 0.122066
4 0.672917 0.284038 0.060417 0.119718
4 0.753125 0.251174 0.070833 0.119718
4 0.529427 0.566901 0.133854 0.269953
