1 0.606250 0.747653 0.040625 0.154930
1 0.538021 0.769366 0.047917 0.167840
1 0.335938 0.607394 0.028125 0.149061
1 0.292187 0.561620 0.028125 0.146714
1 0.240885 0.553991 0.022396 0.122066
1 0.233073 0.491197 0.034896 0.085681
1 0.840365 0.861502 0.043229 0.133803
2 0.857292 0.590962 0.090625 0.177230
2 0.886198 0.444249 0.072396 0.127934
2 0.820833 0.359742 0.053125 0.085681
2 0.553646 0.597418 0.086458 0.154930
2 0.191667 0.813967 0.167708 0.240610
2 0.170052 0.517019 0.081771 0.099765
2 0.604427 0.310446 0.071354 0.088028
2 0.669531 0.250587 0.063021 0.076291
3 0.829948 0.234155 0.064062 0.153756
3 0.707292 0.545188 0.123958 0.355634
