2 0.821875 0.534624 0.080208 0.181925
2 0.802865 0.387911 0.055729 0.104460
1 0.706250 0.489437 0.034375 0.098592
1 0.741927 0.633803 0.023438 0.122066
1 0.738281 0.508216 0.029687 0.103286
1 0.664844 0.438380 0.025521 0.095070
1 0.635938 0.389671 0.016667 0.096244
1 0.567187 0.394953 0.030208 0.083333
1 0.727344 0.382042 0.029687 0.066901
1 0.695312 0.395540 0.025000 0.065728
1 0.826823 0.757042 0.046354 0.150235
1 0.870573 0.687207 0.030729 0.120892
1 0.921615 0.751761 0.042188 0.174883
1 0.948958 0.690141 0.033333 0.138498
2 0.630208 0.804577 0.136458 0.200704
2 0.208594 0.713615 0.118229 0.194836
2 0.191667 0.542254 0.073958 0.154930
2 0.579167 0.561620 0.096875 0.139671
2 0.885677 0.414906 0.056771 0.125587
2 0.769531 0.321596 0.047396 0.093897
4 0.688542 0.278756 0.058333 0.137324
