1 0.867708 0.638498 0.042708 0.173709
1 0.842708 0.556338 0.037500 0.119718
1 0.398438 0.640845 0.043750 0.152582
1 0.221875 0.647887 0.053125 0.122066
1 0.115104 0.837441 0.059375 0.191315
1 0.765365 0.424296 0.027604 0.085681
1 0.839844 0.462441 0.021354 0.103286
1 0.878385 0.506455 0.027604 0.106808
1 0.954948 0.690141 0.036979 0.129108
1 0.982292 0.840962 0.035417 0.153756
1 0.816146 0.356808 0.021875 0.077465
1 0.784375 0.363263 0.017708 0.071596
2 0.705469 0.536385 0.097396 0.143192
2 0.691667 0.423709 0.085417 0.129108
2 0.678385 0.338615 0.063021 0.073944
2 0.578385 0.383803 0.071354 0.091549
2 0.550781 0.764085 0.126562 0.246479
2 0.259896 0.873239 0.154167 0.122066
2 0.189583 0.545775 0.089583 0.107981
2 0.763542 0.267606 0.037500 0.053991
4 0.698438 0.251761 0.059375 0.118545
