1 0.8122395833333333 0.46830985915492956 0.0203125 0.10093896713615023
1 0.89609375 0.551056338028169 0.025520833333333333 0.12089201877934272
1 0.9322916666666666 0.6455399061032864 0.029166666666666667 0.13615023474178403
1 0.95546875 0.4735915492957747 0.030729166666666665 0.08098591549295775
1 0.9205729166666666 0.4119718309859155 0.019270833333333334 0.09154929577464789
1 0.896875 0.43838028169014087 0.02395833333333333 0.08568075117370892
1 0.3223958333333333 0.6267605633802817 0.03229166666666666 0.11502347417840376
1 0.3333333333333333 0.8280516431924883 0.040625 0.1396713615023474
1 0.8263020833333333 0.38791079812206575 0.0140625 0.07394366197183098
1 0.8859374999999999 0.3796948356807512 0.02395833333333333 0.05985915492957747
1 0.8468749999999999 0.3004694835680751 0.014583333333333334 0.06338028169014084
1 0.875 0.272887323943662 0.015625 0.05751173708920188
1 0.85703125 0.27582159624413144 0.0171875 0.05868544600938967
1 0.8135416666666666 0.31514084507042256 0.016666666666666666 0.05985915492957747
2 0.7158854166666666 0.2605633802816901 0.034895833333333334 0.06572769953051644
2 0.74453125 0.35035211267605637 0.050520833333333334 0.1068075117370892
2 0.65234375 0.5070422535211268 0.0796875 0.11737089201877934
2 0.8080729166666667 0.767018779342723 0.09635416666666667 0.2147887323943662
2 0.18072916666666666 0.8438967136150235 0.1625 0.15492957746478875
2 0.796875 0.2652582159624413 0.036458333333333336 0.06338028169014084
2 0.8703124999999999 0.19542253521126762 0.034375 0.04812206572769953
2 0.7838541666666666 0.16607981220657278 0.034375 0.04342723004694836
2 0.8192708333333333 0.17253521126760563 0.034375 0.046948356807511735
4 0.6416666666666666 0.3163145539906103 0.09479166666666666 0.14906103286384978
