1 0.400521 0.644366 0.042708 0.136150
1 0.219792 0.654343 0.039583 0.120892
1 0.122396 0.830986 0.067708 0.164319
1 0.868229 0.649061 0.043750 0.112676
1 0.953385 0.691901 0.039062 0.144366
1 0.982031 0.843310 0.035937 0.172535
1 0.879167 0.518192 0.043750 0.092723
1 0.847917 0.563380 0.027083 0.110329
1 0.841406 0.455986 0.024479 0.099765
1 0.764062 0.426643 0.022917 0.064554
1 0.782031 0.375000 0.014063 0.066901
1 0.815104 0.345070 0.015625 0.072770
1 0.847135 0.372066 0.017188 0.091549
1 0.748177 0.367371 0.027604 0.079812
3 0.646875 0.208333 0.070833 0.137324
2 0.672396 0.340962 0.054167 0.069249
2 0.687760 0.411972 0.075521 0.110329
2 0.696875 0.543427 0.094792 0.143192
2 0.587760 0.372653 0.059896 0.080986
2 0.548177 0.794014 0.123438 0.217136
4 0.701562 0.251761 0.056250 0.116197
