1 0.863542 0.519366 0.029167 0.083333
1 0.909635 0.484155 0.022396 0.071596
1 0.976823 0.655516 0.029687 0.106808
1 0.866927 0.407864 0.022396 0.059859
1 0.940625 0.422535 0.022917 0.068075
1 0.638542 0.331573 0.022917 0.071596
0 0.166667 0.364437 0.014583 0.050469
0 0.196354 0.347418 0.020833 0.053991
2 0.566667 0.380282 0.069792 0.093897
2 0.239583 0.612089 0.060417 0.172535
2 0.503125 0.525822 0.115625 0.112676
3 0.586458 0.289319 0.062500 0.116197
2 0.759896 0.412559 0.054167 0.118545
2 0.658854 0.441901 0.062500 0.127934
2 0.688802 0.330986 0.054688 0.086854
3 0.492708 0.752347 0.142708 0.272300
2 0.889844 0.745892 0.096354 0.231221
4 0.722656 0.221831 0.067187 0.103286
