3 0.788542 0.561033 0.130208 0.417840
2 0.723177 0.316901 0.042188 0.079812
2 0.633333 0.276995 0.035417 0.049296
1 0.623437 0.669601 0.034375 0.111502
1 0.641667 0.862676 0.037500 0.082160
1 0.952344 0.811033 0.044271 0.150235
1 0.935417 0.605634 0.033333 0.117371
1 0.885417 0.576291 0.023958 0.075117
1 0.252604 0.875587 0.067708 0.115023
2 0.609896 0.484155 0.086458 0.153756
2 0.699479 0.481808 0.061458 0.109155
2 0.560677 0.394953 0.057813 0.104460
2 0.186458 0.818662 0.143750 0.261737
2 0.169271 0.461268 0.096875 0.126761
4 0.821354 0.326878 0.064583 0.127934
4 0.497917 0.482981 0.086458 0.142019
