2 0.756250 0.517019 0.073958 0.132629
3 0.812240 0.329225 0.100521 0.200704
1 0.923438 0.455399 0.028125 0.093897
1 0.968490 0.498826 0.028646 0.124413
1 0.935156 0.604460 0.032813 0.129108
1 0.294531 0.803991 0.047396 0.154930
1 0.165625 0.748826 0.037500 0.154930
1 0.208854 0.403169 0.023958 0.092723
1 0.143750 0.372066 0.022917 0.058685
0 0.167969 0.411385 0.019271 0.076291
1 0.615365 0.465376 0.035937 0.095070
2 0.757552 0.288732 0.045312 0.075117
2 0.764844 0.682512 0.094271 0.177230
2 0.652344 0.529343 0.096354 0.161972
2 0.701042 0.339202 0.056250 0.089202
2 0.601823 0.421948 0.075521 0.125587
2 0.565104 0.376761 0.077083 0.079812
2 0.719010 0.245892 0.053646 0.062207
2 0.150781 0.494131 0.082812 0.110329
4 0.596615 0.270540 0.060937 0.120892
