3 0.228646 0.665493 0.111458 0.260563
3 0.793490 0.221831 0.061979 0.122066
1 0.715625 0.588615 0.025000 0.104460
1 0.747396 0.447770 0.025000 0.069249
1 0.928646 0.697770 0.023958 0.113850
1 0.573438 0.299883 0.028125 0.062207
1 0.971875 0.569836 0.030208 0.099765
1 0.314323 0.823357 0.046354 0.146714
1 0.263542 0.468897 0.043750 0.085681
1 0.167969 0.387911 0.032813 0.062207
1 0.123698 0.423122 0.033854 0.062207
2 0.599219 0.383216 0.066146 0.099765
2 0.658073 0.290493 0.054688 0.090376
2 0.715104 0.302230 0.054167 0.090376
2 0.906510 0.494718 0.077604 0.132629
2 0.560156 0.834507 0.144271 0.171362
4 0.658333 0.456573 0.104167 0.173709
4 0.812240 0.454812 0.113021 0.289906
