1 0.224479 0.448944 0.034375 0.073944
1 0.527604 0.468897 0.026042 0.080986
1 0.288802 0.627347 0.042188 0.113850
1 0.872917 0.769953 0.031250 0.119718
1 0.946354 0.561620 0.034375 0.104460
1 0.968490 0.502934 0.032813 0.073944
1 0.920052 0.471244 0.031771 0.083333
1 0.890625 0.457160 0.022917 0.113850
1 0.854427 0.471831 0.031771 0.084507
1 0.632552 0.372066 0.019271 0.070423
2 0.888021 0.617371 0.081250 0.147887
2 0.819271 0.332160 0.066667 0.086854
2 0.686719 0.514085 0.070312 0.138498
2 0.689844 0.384390 0.048438 0.085681
2 0.670573 0.277582 0.043229 0.076291
2 0.215885 0.582160 0.089063 0.136150
2 0.129688 0.458333 0.102083 0.113850
2 0.773438 0.424883 0.077083 0.166667
2 0.616406 0.342136 0.055729 0.109155
4 0.721875 0.713028 0.153125 0.402582
4 0.739323 0.272300 0.051562 0.119718
