1 0.287240 0.636150 0.056771 0.161972
1 0.225260 0.446596 0.043229 0.071596
1 0.528385 0.472418 0.023438 0.102113
1 0.631771 0.380282 0.026042 0.082160
1 0.869010 0.788146 0.052604 0.151408
1 0.944792 0.567488 0.022917 0.118545
2 0.879427 0.619718 0.085938 0.171362
2 0.821094 0.326878 0.054688 0.113850
2 0.778125 0.426643 0.063542 0.123239
2 0.612240 0.335681 0.045312 0.100939
2 0.213802 0.578052 0.091146 0.179577
2 0.124740 0.439554 0.068229 0.139671
2 0.683073 0.380282 0.073438 0.096244
2 0.684375 0.502934 0.052083 0.106808
2 0.669531 0.279343 0.041146 0.063380
4 0.716406 0.710094 0.151562 0.394366
4 0.735156 0.269953 0.064062 0.145540
