1 0.862760 0.470070 0.021354 0.095070
1 0.902344 0.515845 0.027604 0.083333
1 0.906510 0.678404 0.041146 0.131455
1 0.967187 0.649061 0.033333 0.119718
1 0.968750 0.799296 0.053125 0.136150
1 0.630208 0.625000 0.037500 0.109155
1 0.567187 0.603873 0.045833 0.095070
1 0.290104 0.658451 0.033333 0.129108
2 0.191927 0.558099 0.098437 0.144366
1 0.200260 0.446596 0.034896 0.080986
1 0.755208 0.350939 0.030208 0.077465
2 0.650260 0.523474 0.074479 0.136150
2 0.680469 0.399648 0.056771 0.102113
2 0.626563 0.325704 0.051042 0.083333
2 0.580208 0.405516 0.052083 0.090376
2 0.533073 0.526408 0.091146 0.125587
2 0.700000 0.326291 0.045833 0.075117
2 0.657552 0.265258 0.039062 0.070423
2 0.794792 0.831573 0.121875 0.198357
2 0.576042 0.766432 0.128125 0.197183
2 0.784115 0.272300 0.032813 0.086854
4 0.808333 0.555164 0.087500 0.246479
4 0.846615 0.285211 0.072396 0.154930
