1 0.32369791666666664 0.6320422535211268 0.0359375 0.1091549295774648
1 0.3338541666666667 0.8245305164319249 0.046875 0.15610328638497653
1 0.8130208333333333 0.4647887323943662 0.016666666666666666 0.07981220657276995
1 0.8963541666666667 0.545774647887324 0.021875 0.09624413145539906
1 0.9322916666666666 0.6555164319248826 0.03333333333333333 0.1068075117370892
1 0.9559895833333333 0.4642018779342723 0.018229166666666668 0.07629107981220658
1 0.896875 0.43720657276995306 0.021875 0.08802816901408451
1 0.8255208333333334 0.392018779342723 0.01875 0.07511737089201878
1 0.8111979166666666 0.31338028169014087 0.0171875 0.051643192488262914
1 0.8458333333333333 0.3034037558685446 0.019791666666666666 0.05751173708920188
1 0.8744791666666667 0.27523474178403756 0.015625 0.06924882629107981
4 0.6408854166666667 0.32629107981220656 0.08072916666666667 0.15023474178403756
2 0.6526041666666667 0.5046948356807511 0.07291666666666667 0.12441314553990611
2 0.7411458333333333 0.35093896713615025 0.051041666666666666 0.10093896713615023
2 0.7161458333333334 0.27230046948356806 0.053125 0.06338028169014084
2 0.79375 0.25704225352112675 0.03958333333333333 0.06338028169014084
2 0.78671875 0.17370892018779344 0.03802083333333333 0.04929577464788733
2 0.8265625 0.19014084507042253 0.026041666666666668 0.056338028169014086
2 0.8721354166666666 0.2007042253521127 0.025520833333333333 0.056338028169014086
2 0.8427083333333333 0.12323943661971831 0.0375 0.04225352112676056
2 0.8140625 0.7734741784037559 0.0875 0.20422535211267606
2 0.16953125 0.8339201877934272 0.14427083333333332 0.17018779342723006
