1 0.920833 0.672535 0.023958 0.117371
1 0.948958 0.633216 0.026042 0.102113
1 0.917188 0.559272 0.028125 0.088028
1 0.671094 0.345070 0.016146 0.077465
1 0.278125 0.518779 0.033333 0.098592
1 0.200521 0.422535 0.035417 0.084507
1 0.157812 0.645540 0.041667 0.117371
1 0.794271 0.345070 0.047917 0.086854
1 0.885156 0.487676 0.022396 0.073944
3 0.517708 0.845070 0.230208 0.180751
2 0.782031 0.764671 0.095312 0.224178
2 0.784375 0.478286 0.079167 0.142019
2 0.710677 0.387911 0.067187 0.099765
2 0.644792 0.501761 0.070833 0.125587
2 0.592708 0.660211 0.113542 0.156103
2 0.340625 0.796362 0.162500 0.226526
2 0.151823 0.514085 0.089063 0.105634
2 0.613802 0.373826 0.070312 0.085681
2 0.850000 0.308099 0.068750 0.066901
2 0.875000 0.415493 0.055208 0.110329
2 0.604167 0.286385 0.061458 0.068075
2 0.850260 0.305164 0.065104 0.065728
2 0.740104 0.307512 0.060417 0.093897
4 0.659635 0.235915 0.050521 0.096244
