1 0.277604 0.515258 0.023958 0.079812
1 0.202604 0.416667 0.031250 0.084507
1 0.163021 0.637911 0.034375 0.120892
1 0.922135 0.674296 0.030729 0.123239
1 0.948438 0.620892 0.026042 0.096244
1 0.920312 0.549883 0.027083 0.088028
1 0.883854 0.479460 0.028125 0.090376
1 0.670573 0.344484 0.022396 0.078638
1 0.886979 0.295188 0.016667 0.066901
2 0.347917 0.798709 0.180208 0.242958
2 0.592969 0.656103 0.106771 0.147887
2 0.654427 0.503521 0.080729 0.122066
2 0.785937 0.483568 0.082292 0.145540
2 0.778385 0.776408 0.107813 0.217136
2 0.707812 0.401408 0.057292 0.107981
2 0.614844 0.366197 0.054688 0.082160
2 0.601823 0.302817 0.055729 0.077465
2 0.868750 0.411385 0.054167 0.088028
2 0.155990 0.508803 0.088021 0.106808
2 0.739323 0.303404 0.043229 0.078638
2 0.853125 0.299883 0.060417 0.073944
2 0.792448 0.342723 0.054688 0.086854
4 0.655990 0.240023 0.061979 0.127934
