1 0.671354 0.346244 0.020833 0.089202
1 0.918490 0.674296 0.030729 0.120892
1 0.942448 0.618545 0.033854 0.096244
1 0.963021 0.598005 0.032292 0.116197
1 0.888021 0.491784 0.028125 0.093897
1 0.919792 0.454812 0.021875 0.078638
2 0.707812 0.401408 0.061458 0.098592
2 0.647396 0.502347 0.072917 0.124413
2 0.592708 0.668427 0.104167 0.167840
2 0.775521 0.759390 0.102083 0.237089
2 0.354427 0.773474 0.131771 0.201878
2 0.157031 0.508216 0.103646 0.084507
2 0.603125 0.365023 0.088542 0.091549
2 0.602083 0.291667 0.065625 0.090376
2 0.742969 0.301056 0.048438 0.073944
2 0.793490 0.348592 0.051562 0.096244
2 0.857292 0.294601 0.061458 0.075117
2 0.838802 0.257042 0.046354 0.044601
2 0.755208 0.210094 0.031250 0.063380
1 0.276042 0.519366 0.030208 0.109155
1 0.205469 0.408451 0.025521 0.070423
1 0.165885 0.638498 0.047396 0.115023
2 0.786719 0.487676 0.089063 0.132629
2 0.870573 0.400235 0.065104 0.105634
4 0.654427 0.252934 0.047396 0.102113
