1 0.280729 0.529343 0.035417 0.089202
1 0.200260 0.413146 0.038021 0.068075
1 0.165885 0.651408 0.042188 0.117371
2 0.793750 0.350939 0.052083 0.084507
1 0.919531 0.667254 0.021354 0.102113
1 0.946094 0.626761 0.026562 0.126761
1 0.886979 0.487089 0.028125 0.093897
1 0.670833 0.345657 0.017708 0.080986
2 0.865104 0.404930 0.054167 0.091549
2 0.794792 0.475352 0.060417 0.138498
2 0.710677 0.396127 0.071354 0.085681
2 0.646094 0.511150 0.073438 0.113850
2 0.600000 0.660211 0.102083 0.156103
2 0.784896 0.771127 0.110417 0.227700
2 0.614062 0.352113 0.065625 0.084507
2 0.596875 0.299296 0.060417 0.093897
2 0.353646 0.800469 0.166667 0.237089
2 0.154167 0.515845 0.089583 0.111502
2 0.736979 0.305164 0.056250 0.084507
4 0.657292 0.246479 0.050000 0.103286
