1 0.571875 0.588615 0.031250 0.116197
1 0.186458 0.726526 0.041667 0.110329
1 0.120313 0.481808 0.034375 0.088028
1 0.667448 0.841549 0.040104 0.157277
1 0.871875 0.584507 0.023958 0.117371
1 0.892448 0.544601 0.030729 0.110329
1 0.930469 0.504108 0.020313 0.045775
1 0.931510 0.596244 0.033854 0.100939
1 0.952604 0.592136 0.022917 0.085681
1 0.803906 0.355047 0.023438 0.073944
2 0.735417 0.323357 0.081250 0.102113
2 0.647135 0.575117 0.085938 0.145540
2 0.667188 0.408451 0.063542 0.133803
2 0.378646 0.571596 0.092708 0.140845
2 0.229167 0.569249 0.068750 0.143192
2 0.557292 0.815141 0.123958 0.177230
2 0.938542 0.851526 0.120833 0.146714
2 0.857812 0.392019 0.061458 0.100939
2 0.771615 0.795188 0.101562 0.212441
2 0.741146 0.278169 0.047917 0.056338
2 0.695312 0.271127 0.031250 0.061033
2 0.855208 0.261150 0.045833 0.057512
2 0.823177 0.291667 0.039062 0.059859
2 0.827865 0.210681 0.036979 0.052817
4 0.566406 0.349765 0.070312 0.166667
4 0.771354 0.518192 0.096875 0.280516
