1 0.567708 0.579812 0.036458 0.100939
1 0.663021 0.830399 0.038542 0.153756
1 0.185156 0.727700 0.056771 0.096244
1 0.120052 0.477700 0.039062 0.068075
1 0.806510 0.358568 0.021354 0.062207
1 0.661198 0.297535 0.032813 0.057512
2 0.746615 0.326291 0.079687 0.098592
2 0.672135 0.403169 0.063021 0.111502
2 0.655729 0.568662 0.070833 0.132629
2 0.560156 0.826291 0.123438 0.206573
2 0.765625 0.812793 0.130208 0.245305
2 0.377344 0.571596 0.094271 0.129108
2 0.237240 0.574531 0.091146 0.104460
2 0.938281 0.850352 0.123438 0.151408
2 0.853906 0.393192 0.058854 0.100939
4 0.573438 0.360329 0.076042 0.145540
4 0.767969 0.529930 0.098437 0.264085
