1 0.942708 0.747066 0.038542 0.151408
1 0.428906 0.839789 0.047396 0.139671
1 0.329427 0.749413 0.036979 0.127934
1 0.246875 0.391432 0.023958 0.069249
2 0.778906 0.500000 0.078646 0.133803
2 0.805469 0.378521 0.053646 0.106808
2 0.686979 0.361502 0.070833 0.110329
2 0.633594 0.491197 0.054688 0.106808
2 0.782031 0.737089 0.118229 0.187793
2 0.727865 0.301643 0.038021 0.068075
3 0.151823 0.451291 0.126562 0.163146
2 0.174219 0.819836 0.121354 0.186620
4 0.616667 0.305164 0.061458 0.117371
4 0.657031 0.247653 0.047396 0.112676
4 0.808333 0.284624 0.061458 0.116197
