1 0.769010 0.446596 0.025521 0.083333
1 0.815625 0.544014 0.027083 0.092723
1 0.904427 0.838028 0.040104 0.161972
1 0.945312 0.756455 0.041667 0.165493
1 0.875000 0.535211 0.031250 0.136150
1 0.912240 0.522300 0.038021 0.124413
1 0.282552 0.454225 0.032813 0.093897
1 0.229167 0.429577 0.032292 0.068075
1 0.240365 0.390845 0.028646 0.077465
2 0.200000 0.696596 0.113542 0.219484
2 0.132552 0.438380 0.078646 0.134977
2 0.731771 0.395540 0.061458 0.115023
2 0.665885 0.579812 0.095312 0.122066
2 0.780729 0.686033 0.105208 0.188967
2 0.837240 0.427817 0.054688 0.092723
2 0.864583 0.328052 0.042708 0.064554
2 0.793750 0.345070 0.052083 0.091549
2 0.836719 0.272887 0.030729 0.043427
2 0.711458 0.291080 0.052083 0.070423
2 0.686979 0.338028 0.046875 0.075117
4 0.528646 0.780516 0.218750 0.300469
4 0.654427 0.235915 0.067187 0.129108
