1 0.324219 0.734742 0.056771 0.136150
1 0.314844 0.511150 0.032813 0.071596
1 0.246615 0.443662 0.024479 0.051643
1 0.863802 0.607981 0.034896 0.105634
1 0.951042 0.825117 0.044792 0.143192
1 0.983854 0.698357 0.032292 0.147887
1 0.921094 0.640845 0.043229 0.126761
1 0.954427 0.546362 0.026562 0.118545
1 0.894271 0.549296 0.027083 0.110329
1 0.856510 0.468310 0.023438 0.096244
1 0.850000 0.401995 0.022917 0.083333
2 0.779687 0.698357 0.098958 0.208920
2 0.799219 0.426643 0.063021 0.116197
2 0.740625 0.325117 0.040625 0.068075
2 0.804167 0.281103 0.044792 0.076291
2 0.715625 0.255282 0.037500 0.057512
2 0.634115 0.260563 0.058854 0.091549
2 0.174219 0.540493 0.077604 0.106808
2 0.147396 0.822770 0.152083 0.204225
2 0.603906 0.809859 0.150521 0.206573
2 0.586458 0.403169 0.072917 0.088028
4 0.645052 0.446596 0.101562 0.200704
