1 0.20598958333333334 0.8480046948356808 0.03802083333333333 0.1255868544600939
1 0.44296874999999997 0.5892018779342724 0.018229166666666668 0.0892018779342723
1 0.7755208333333333 0.7482394366197184 0.021875 0.1279342723004695
1 0.9440104166666666 0.6291079812206573 0.0265625 0.14084507042253522
1 0.8585937499999999 0.4665492957746479 0.021354166666666667 0.08333333333333333
1 0.9205729166666666 0.45481220657276994 0.021354166666666667 0.08098591549295775
1 0.8937499999999999 0.3767605633802817 0.01875 0.07276995305164319
1 0.8643229166666666 0.3362676056338028 0.0203125 0.08802816901408451
2 0.6606770833333333 0.5029342723004695 0.07552083333333333 0.11384976525821597
2 0.7783854166666666 0.4724178403755869 0.0609375 0.1255868544600939
2 0.17682291666666666 0.6561032863849765 0.0734375 0.19953051643192488
2 0.38645833333333335 0.8708920187793427 0.11145833333333333 0.11737089201877934
2 0.5419270833333333 0.539906103286385 0.06614583333333333 0.13380281690140847
2 0.7838541666666666 0.3057511737089202 0.051041666666666666 0.09272300469483569
2 0.81640625 0.23826291079812206 0.030729166666666665 0.0539906103286385
2 0.77109375 0.20715962441314553 0.04010416666666666 0.05516431924882629
2 0.8471354166666667 0.14553990610328638 0.028645833333333332 0.046948356807511735
4 0.7104166666666667 0.20833333333333334 0.053125 0.08333333333333333
4 0.6578125 0.3438967136150235 0.065625 0.1643192488262911
4 0.8002604166666667 0.1443661971830986 0.04114583333333333 0.06103286384976526
