1 0.322135 0.719484 0.042188 0.152582
1 0.315625 0.507629 0.032292 0.106808
1 0.248698 0.437793 0.024479 0.105634
1 0.952344 0.820423 0.049479 0.140845
1 0.865625 0.605634 0.030208 0.122066
1 0.918750 0.626761 0.033333 0.147887
1 0.894010 0.542254 0.030729 0.110329
1 0.858333 0.475939 0.029167 0.111502
1 0.849219 0.403169 0.021354 0.080986
2 0.589323 0.411385 0.073438 0.097418
2 0.633594 0.259390 0.064062 0.098592
2 0.709896 0.265845 0.043750 0.069249
2 0.739062 0.342723 0.066667 0.082160
2 0.786719 0.436033 0.074479 0.132629
2 0.772656 0.701878 0.119271 0.218310
2 0.150521 0.829225 0.140625 0.203052
2 0.179688 0.536972 0.101042 0.099765
4 0.649740 0.440728 0.116146 0.217136
