1 0.613542 0.809859 0.046875 0.166667
1 0.593750 0.651995 0.035417 0.146714
1 0.189583 0.654343 0.035417 0.113850
1 0.889583 0.681338 0.039583 0.120892
1 0.978646 0.772300 0.028125 0.143192
1 0.980208 0.548122 0.028125 0.126761
1 0.921354 0.551643 0.021875 0.115023
1 0.892448 0.563967 0.030729 0.090376
1 0.852344 0.498826 0.023438 0.096244
1 0.620573 0.356221 0.022396 0.076291
1 0.648177 0.297535 0.019271 0.057512
1 0.887760 0.461854 0.024479 0.104460
2 0.331771 0.777582 0.176042 0.221831
2 0.775000 0.820423 0.146875 0.194836
3 0.785417 0.463615 0.093750 0.187793
2 0.769531 0.234155 0.052604 0.057512
2 0.350260 0.241784 0.075521 0.077465
2 0.629687 0.175469 0.063542 0.080986
4 0.709635 0.407864 0.095312 0.212441
4 0.711458 0.235915 0.072917 0.105634
