1 0.711979 0.640845 0.035417 0.147887
1 0.659375 0.634977 0.035417 0.105634
1 0.633854 0.498239 0.030208 0.111502
1 0.235677 0.417254 0.035937 0.064554
1 0.159375 0.585094 0.027083 0.109155
1 0.197135 0.785211 0.042188 0.136150
1 0.737760 0.339789 0.022396 0.080986
2 0.543750 0.519953 0.091667 0.117371
2 0.775781 0.821009 0.117188 0.210094
2 0.539062 0.852113 0.164583 0.166667
2 0.817969 0.596831 0.077604 0.156103
2 0.784896 0.450704 0.064583 0.117371
2 0.786719 0.319836 0.033854 0.097418
3 0.727083 0.279930 0.057292 0.102113
4 0.623698 0.251761 0.060937 0.125587
4 0.153385 0.440728 0.126562 0.165493
4 0.934375 0.524648 0.131250 0.307512
