1 0.336458 0.673122 0.038542 0.139671
1 0.277604 0.572183 0.042708 0.106808
1 0.198698 0.596831 0.034896 0.080986
1 0.175260 0.776408 0.043229 0.153756
2 0.544010 0.479460 0.092188 0.130282
1 0.796875 0.410798 0.016667 0.079812
1 0.815104 0.350352 0.025000 0.066901
2 0.683073 0.315141 0.056771 0.083333
2 0.321354 0.859155 0.202083 0.138498
2 0.763542 0.599765 0.085417 0.143192
3 0.701302 0.443075 0.075521 0.158451
2 0.672396 0.240023 0.028125 0.064554
2 0.607292 0.751174 0.125000 0.239437
2 0.803125 0.843897 0.150000 0.161972
2 0.879167 0.448944 0.080208 0.106808
2 0.202604 0.474178 0.087500 0.096244
2 0.758073 0.313380 0.055729 0.065728
4 0.622396 0.296362 0.070833 0.113850
