1 0.442708 0.541080 0.030208 0.084507
1 0.491667 0.454225 0.030208 0.084507
1 0.219271 0.525822 0.030208 0.084507
1 0.195833 0.600939 0.030208 0.084507
1 0.158854 0.796362 0.037500 0.146714
1 0.937500 0.724765 0.037500 0.146714
1 0.978646 0.691901 0.037500 0.146714
1 0.949479 0.593310 0.037500 0.146714
1 0.911458 0.529930 0.037500 0.146714
2 0.829948 0.454225 0.072396 0.138498
2 0.550000 0.485915 0.075000 0.159624
2 0.161979 0.464789 0.075000 0.159624
2 0.736719 0.356808 0.039062 0.110329
2 0.801302 0.335681 0.040104 0.070423
2 0.633854 0.870305 0.136458 0.127934
2 0.167708 0.281103 0.073958 0.097418
4 0.664583 0.449531 0.106250 0.225352
4 0.844010 0.652582 0.121354 0.298122
