1 0.304688 0.555751 0.030208 0.109155
1 0.250521 0.594484 0.036458 0.102113
1 0.260156 0.436620 0.045312 0.082160
1 0.479948 0.575704 0.039062 0.111502
1 0.525521 0.585094 0.028125 0.088028
1 0.806510 0.717136 0.034896 0.117371
1 0.890365 0.807512 0.032813 0.154930
1 0.873698 0.635563 0.032813 0.109155
1 0.927865 0.625000 0.023438 0.118545
1 0.974740 0.661385 0.022396 0.165493
1 0.954688 0.539319 0.025000 0.095070
1 0.924219 0.486502 0.023438 0.083333
1 0.897917 0.454812 0.019792 0.104460
1 0.857812 0.447183 0.018750 0.098592
1 0.807292 0.495305 0.030208 0.112676
2 0.615365 0.659038 0.115104 0.170188
2 0.723698 0.515258 0.067187 0.112676
2 0.763802 0.416080 0.059896 0.102113
2 0.592969 0.365023 0.047396 0.079812
2 0.162500 0.846831 0.150000 0.198357
2 0.205990 0.497653 0.090104 0.129108
4 0.694010 0.332160 0.079687 0.159624
4 0.742708 0.265258 0.078125 0.110329
4 0.827344 0.313380 0.071354 0.136150
