1 0.093750 0.514671 0.030208 0.080986
1 0.518229 0.548122 0.031250 0.103286
2 0.175260 0.771714 0.146354 0.252347
1 0.888542 0.758803 0.029167 0.137324
1 0.912240 0.661972 0.024479 0.147887
1 0.933854 0.610329 0.026042 0.117371
1 0.883594 0.612676 0.038021 0.112676
1 0.730208 0.415493 0.018750 0.091549
1 0.601562 0.350939 0.018750 0.068075
1 0.797656 0.368545 0.032813 0.093897
1 0.760156 0.360329 0.019271 0.070423
1 0.911979 0.481808 0.015625 0.085681
1 0.950781 0.482394 0.026562 0.086854
3 0.671875 0.231808 0.058333 0.106808
2 0.164844 0.471831 0.091146 0.117371
2 0.726823 0.819836 0.106771 0.210094
2 0.812760 0.508216 0.085938 0.173709
2 0.698958 0.336854 0.053125 0.105634
2 0.736198 0.269366 0.032813 0.078638
4 0.635156 0.557512 0.132812 0.284038
