1 0.893229 0.769953 0.034375 0.136150
1 0.978385 0.853286 0.042188 0.131455
1 0.880208 0.610915 0.021875 0.099765
1 0.929948 0.611502 0.024479 0.110329
1 0.730990 0.408451 0.019271 0.068075
3 0.671615 0.232981 0.064062 0.090376
2 0.178125 0.791667 0.152083 0.235915
1 0.598177 0.351526 0.021354 0.085681
1 0.516927 0.536972 0.032813 0.127934
2 0.566146 0.191901 0.070833 0.090376
2 0.161979 0.471831 0.098958 0.107981
2 0.725521 0.812793 0.115625 0.242958
2 0.817708 0.492371 0.075000 0.130282
4 0.639844 0.561620 0.151562 0.285211
4 0.768490 0.205986 0.065104 0.104460
