1 0.23385416666666667 0.42136150234741787 0.03333333333333333 0.06103286384976526
1 0.2125 0.5575117370892019 0.03333333333333333 0.07746478873239437
1 0.5729166666666666 0.5258215962441315 0.027083333333333334 0.07981220657276995
1 0.8611979166666667 0.4782863849765258 0.019270833333333334 0.07863849765258216
1 0.9588541666666667 0.6085680751173709 0.025 0.1255868544600939
1 0.8515625 0.38380281690140844 0.020833333333333332 0.09389671361502347
1 0.8122395833333333 0.29636150234741787 0.015104166666666667 0.05751173708920188
1 0.8669270833333333 0.2934272300469484 0.015104166666666667 0.08215962441314555
1 0.90078125 0.2347417840375587 0.0109375 0.051643192488262914
2 0.7388020833333333 0.2347417840375587 0.03802083333333333 0.06338028169014084
2 0.6221354166666666 0.6009389671361502 0.08802083333333333 0.15258215962441316
2 0.18489583333333334 0.8122065727699531 0.15520833333333334 0.2136150234741784
2 0.7778645833333333 0.18251173708920188 0.027604166666666666 0.04342723004694836
2 0.8260416666666667 0.2312206572769953 0.034375 0.06807511737089202
4 0.8013020833333333 0.6784037558685446 0.11197916666666667 0.38497652582159625
2 0.11145833333333333 0.4507042253521127 0.06666666666666667 0.09859154929577466
