1 0.8494791666666667 0.4735915492957747 0.022916666666666665 0.09507042253521127
1 0.8651041666666667 0.6426056338028169 0.025 0.10446009389671362
1 0.9473958333333333 0.8098591549295775 0.035416666666666666 0.15023474178403756
1 0.19661458333333334 0.6291079812206573 0.0421875 0.11971830985915494
1 0.9098958333333333 0.3785211267605634 0.016666666666666666 0.08333333333333333
4 0.8684895833333334 0.14847417840375587 0.05677083333333333 0.07394366197183098
3 0.6046875 0.4706572769953052 0.07395833333333333 0.27230046948356806
2 0.8479166666666667 0.2875586854460094 0.041666666666666664 0.07746478873239437
2 0.16328125 0.48063380281690143 0.0796875 0.07394366197183098
2 0.18880208333333334 0.8368544600938967 0.1296875 0.17136150234741784
2 0.7127604166666667 0.3796948356807512 0.0609375 0.10211267605633803
2 0.7682291666666666 0.7676056338028169 0.084375 0.22535211267605634
2 0.7908854166666667 0.3732394366197183 0.04635416666666667 0.09859154929577466
2 0.79765625 0.22593896713615025 0.03802083333333333 0.05751173708920188
2 0.7252604166666666 0.2711267605633803 0.06302083333333333 0.0539906103286385
2 0.7630208333333334 0.20598591549295775 0.042708333333333334 0.02699530516431925
