1 0.722917 0.508216 0.033333 0.103286
1 0.760677 0.442488 0.023438 0.068075
1 0.296354 0.713615 0.045833 0.115023
1 0.177604 0.790493 0.052083 0.163146
1 0.165885 0.445423 0.027604 0.078638
1 0.573958 0.434272 0.032292 0.079812
1 0.656250 0.328052 0.015625 0.064554
3 0.592969 0.300469 0.116146 0.201878
2 0.640104 0.551056 0.084375 0.170188
2 0.786198 0.657277 0.084896 0.171362
2 0.763021 0.333333 0.067708 0.122066
2 0.718229 0.390258 0.075000 0.125587
2 0.890365 0.855047 0.123438 0.172535
2 0.210156 0.617958 0.077604 0.156103
4 0.582812 0.803991 0.170833 0.227700
4 0.701042 0.257042 0.056250 0.147887
4 0.829427 0.396714 0.070312 0.218310
4 0.910677 0.539906 0.120313 0.274648
