2 0.728125 0.388498 0.050000 0.124413
2 0.641927 0.525822 0.075521 0.138498
2 0.767188 0.335681 0.047917 0.112676
2 0.781771 0.681338 0.110417 0.186620
2 0.890625 0.863263 0.132292 0.165493
2 0.205729 0.620892 0.072917 0.169014
1 0.295312 0.725939 0.036458 0.139671
1 0.165104 0.444249 0.025000 0.071596
1 0.183333 0.805164 0.057292 0.129108
1 0.573177 0.441901 0.023438 0.071596
1 0.720313 0.509977 0.027083 0.090376
1 0.761458 0.451878 0.026042 0.077465
4 0.909635 0.533451 0.119271 0.250000
4 0.833854 0.403756 0.076042 0.206573
4 0.702604 0.276408 0.062500 0.167840
3 0.603125 0.291667 0.115625 0.207746
4 0.575260 0.801643 0.181771 0.253521
