1 0.870052 0.631455 0.026562 0.140845
1 0.919792 0.569836 0.028125 0.144366
1 0.954427 0.588028 0.029687 0.136150
1 0.985677 0.574531 0.024479 0.123239
1 0.979688 0.772887 0.040625 0.181925
1 0.877604 0.525235 0.022917 0.095070
1 0.880990 0.437793 0.024479 0.086854
1 0.919271 0.457160 0.023958 0.071596
1 0.949479 0.467136 0.022917 0.089202
1 0.855469 0.390258 0.024479 0.066901
1 0.144010 0.386737 0.030729 0.064554
2 0.799479 0.696009 0.089583 0.211268
2 0.625781 0.676643 0.107813 0.207746
2 0.679948 0.491784 0.054688 0.117371
2 0.817448 0.492371 0.059896 0.130282
2 0.807031 0.357394 0.052604 0.090376
2 0.723698 0.363850 0.052604 0.107981
2 0.701823 0.310446 0.040104 0.076291
2 0.625781 0.295188 0.049479 0.095070
2 0.767188 0.255869 0.042708 0.065728
3 0.202083 0.707160 0.157292 0.308685
