1 0.326823 0.560446 0.032813 0.095070
1 0.300521 0.464789 0.028125 0.075117
1 0.184375 0.404343 0.027083 0.078638
1 0.618229 0.539319 0.032292 0.109155
1 0.896354 0.776995 0.032292 0.154930
1 0.869010 0.870305 0.047396 0.118545
1 0.978125 0.865610 0.043750 0.125587
1 0.954167 0.650822 0.030208 0.139671
1 0.871875 0.627934 0.034375 0.145540
1 0.919010 0.575117 0.033854 0.133803
1 0.841406 0.425469 0.027604 0.113850
1 0.881771 0.432512 0.038542 0.116197
1 0.694010 0.338028 0.028646 0.084507
2 0.223438 0.592136 0.067708 0.132629
2 0.567969 0.192488 0.063021 0.061033
2 0.696875 0.453638 0.067708 0.123239
2 0.769010 0.711268 0.100521 0.244131
2 0.594792 0.735329 0.135417 0.217136
2 0.800260 0.489437 0.061979 0.131455
2 0.746354 0.326878 0.059375 0.073944
2 0.806250 0.338615 0.052083 0.095070
2 0.834375 0.270540 0.029167 0.057512
2 0.763542 0.274648 0.034375 0.063380
2 0.882552 0.311033 0.052604 0.077465
4 0.635156 0.316901 0.088021 0.152582
