1 0.873958 0.420775 0.023958 0.092723
1 0.896354 0.593310 0.036458 0.099765
1 0.890365 0.702465 0.027604 0.120892
1 0.951823 0.645540 0.024479 0.117371
1 0.958073 0.810446 0.049479 0.139671
1 0.189323 0.721831 0.049479 0.107981
1 0.253906 0.428404 0.034896 0.093897
1 0.371615 0.553404 0.034896 0.090376
1 0.844531 0.339202 0.024479 0.068075
1 0.898438 0.479460 0.020833 0.085681
1 0.920573 0.525235 0.021354 0.102113
1 0.956771 0.537559 0.033333 0.091549
1 0.987760 0.543427 0.024479 0.100939
1 0.920573 0.424296 0.025521 0.090376
1 0.879427 0.325704 0.023438 0.048122
3 0.163802 0.460681 0.108854 0.205399
3 0.217708 0.239437 0.141667 0.136150
2 0.707031 0.331573 0.060937 0.080986
2 0.634635 0.321009 0.057813 0.073944
2 0.376042 0.747066 0.128125 0.198357
2 0.720052 0.229460 0.052604 0.069249
4 0.805208 0.685446 0.119792 0.356808
