1 0.881250 0.325704 0.019792 0.076291
1 0.849740 0.344484 0.021354 0.069249
1 0.868750 0.407864 0.026042 0.097418
1 0.900000 0.473005 0.027083 0.068075
1 0.893490 0.579225 0.032813 0.090376
1 0.884375 0.699531 0.040625 0.126761
1 0.953646 0.634977 0.041667 0.117371
1 0.954688 0.804577 0.039583 0.144366
1 0.988021 0.556338 0.023958 0.115023
2 0.389844 0.743545 0.153646 0.212441
2 0.637240 0.296362 0.066146 0.069249
2 0.703125 0.330399 0.046875 0.071596
2 0.720833 0.242371 0.054167 0.066901
3 0.163542 0.440141 0.130208 0.180751
3 0.195312 0.262324 0.157292 0.156103
2 0.782552 0.336268 0.056771 0.090376
2 0.810417 0.409038 0.068750 0.127934
4 0.806250 0.696009 0.110417 0.406103
