1 0.9057291666666667 0.3814553990610329 0.019791666666666666 0.07981220657276995
1 0.8507812499999999 0.4665492957746479 0.021354166666666667 0.08098591549295775
1 0.8651041666666667 0.6402582159624414 0.03125 0.09507042253521127
1 0.95 0.8045774647887324 0.035416666666666666 0.1279342723004695
1 0.19635416666666666 0.6314553990610329 0.03854166666666667 0.11737089201877934
1 0.7221354166666667 0.21185446009389672 0.018229166666666668 0.04812206572769953
1 0.8893229166666666 0.25234741784037557 0.011979166666666666 0.05868544600938967
1 0.90703125 0.2687793427230047 0.013020833333333334 0.06807511737089202
2 0.7283854166666667 0.27816901408450706 0.04739583333333333 0.07981220657276995
2 0.7955729166666666 0.3791079812206573 0.05677083333333333 0.08450704225352113
2 0.7161458333333334 0.3773474178403756 0.06458333333333333 0.07394366197183098
2 0.7716145833333333 0.7711267605633803 0.08489583333333334 0.19014084507042253
2 0.7963541666666667 0.2353286384976526 0.036458333333333336 0.07394366197183098
2 0.7619791666666667 0.20422535211267606 0.029166666666666667 0.05868544600938967
2 0.16302083333333334 0.49295774647887325 0.07604166666666666 0.08215962441314555
2 0.18515625 0.840962441314554 0.13802083333333334 0.15610328638497653
3 0.6229166666666667 0.4735915492957747 0.08125 0.3039906103286385
2 0.8484375 0.29284037558685444 0.042708333333333334 0.1068075117370892
