1 0.888802 0.642019 0.033854 0.107981
1 0.836198 0.566901 0.024479 0.105634
1 0.858594 0.521127 0.026562 0.082160
1 0.897396 0.530516 0.037500 0.091549
1 0.933594 0.768192 0.048438 0.160798
1 0.701823 0.366784 0.024479 0.078638
1 0.719531 0.318662 0.017188 0.059859
1 0.665625 0.317488 0.023958 0.064554
2 0.765365 0.588028 0.074479 0.154930
2 0.627083 0.556338 0.103125 0.161972
2 0.558073 0.383216 0.061979 0.102113
2 0.652083 0.259977 0.055208 0.099765
2 0.790365 0.849765 0.122396 0.154930
2 0.148438 0.871479 0.151042 0.137324
2 0.682552 0.228286 0.040104 0.048122
4 0.799219 0.382042 0.073438 0.200704
