1 0.717187 0.422535 0.031250 0.082160
1 0.879687 0.596831 0.031250 0.106808
1 0.926042 0.657277 0.029167 0.096244
1 0.953125 0.787559 0.025000 0.122066
1 0.285938 0.563967 0.026042 0.092723
1 0.234635 0.403169 0.030729 0.057512
2 0.675521 0.360329 0.048958 0.096244
2 0.630729 0.535798 0.083333 0.137324
2 0.791406 0.565728 0.081771 0.157277
2 0.781771 0.399648 0.054167 0.113850
2 0.725521 0.254108 0.054167 0.073944
2 0.201042 0.802230 0.153125 0.231221
2 0.197135 0.527582 0.086979 0.109155
4 0.807031 0.285798 0.060937 0.139671
4 0.571615 0.771127 0.169271 0.319249
4 0.887240 0.418427 0.089063 0.210094
4 0.623958 0.248826 0.063542 0.117371
