1 0.203906 0.790493 0.029687 0.120892
1 0.162240 0.843897 0.049479 0.147887
1 0.919271 0.848592 0.053125 0.126761
1 0.977604 0.806925 0.042708 0.158451
1 0.960677 0.664319 0.048438 0.117371
1 0.908333 0.605047 0.032292 0.132629
1 0.870313 0.575704 0.034375 0.153756
1 0.692969 0.264671 0.018229 0.059859
2 0.684635 0.430164 0.069271 0.116197
2 0.709896 0.340962 0.060417 0.088028
2 0.603125 0.366197 0.062500 0.112676
2 0.213021 0.637911 0.077083 0.179577
2 0.314844 0.779343 0.171354 0.262911
3 0.794271 0.487089 0.087500 0.190141
4 0.191927 0.437793 0.123438 0.154930
