1 0.692708 0.262911 0.020833 0.065728
1 0.205208 0.788732 0.050000 0.152582
1 0.868490 0.578638 0.029687 0.107981
1 0.902865 0.606808 0.030729 0.145540
1 0.153385 0.846831 0.036979 0.144366
1 0.288542 0.383216 0.026042 0.057512
1 0.921875 0.842136 0.032292 0.144366
2 0.677083 0.436033 0.076042 0.123239
2 0.716146 0.341549 0.064583 0.103286
2 0.608594 0.376174 0.070312 0.116197
2 0.747135 0.252934 0.045312 0.055164
2 0.214583 0.629108 0.068750 0.169014
2 0.308854 0.795188 0.153125 0.245305
3 0.791406 0.505869 0.093229 0.220657
2 0.883594 0.442488 0.058854 0.136150
4 0.189062 0.438380 0.133333 0.153756
4 0.789583 0.299883 0.048958 0.090376
