1 0.907031 0.819836 0.036979 0.146714
1 0.950000 0.773474 0.041667 0.147887
1 0.883333 0.644953 0.028125 0.123239
1 0.232552 0.657277 0.036979 0.096244
1 0.262240 0.450704 0.040104 0.079812
1 0.216667 0.336268 0.023958 0.062207
1 0.247135 0.860329 0.066146 0.138498
1 0.645573 0.321596 0.024479 0.056338
1 0.934635 0.524061 0.027604 0.106808
1 0.969271 0.516432 0.028125 0.103286
1 0.987760 0.669014 0.024479 0.117371
2 0.587760 0.405516 0.063021 0.109155
2 0.668490 0.528756 0.059896 0.127934
2 0.819271 0.650235 0.098958 0.183099
2 0.797656 0.463615 0.059896 0.115023
2 0.846615 0.336268 0.053646 0.102113
2 0.192969 0.516432 0.077604 0.103286
2 0.167708 0.389671 0.081250 0.061033
4 0.522135 0.747066 0.246354 0.360329
4 0.738281 0.317488 0.075521 0.158451
