1 0.168490 0.511737 0.027604 0.084507
1 0.170833 0.413732 0.025000 0.078638
1 0.210156 0.330986 0.024479 0.032864
1 0.885938 0.793427 0.038542 0.157277
1 0.932552 0.723005 0.031771 0.131455
1 0.978125 0.689554 0.023958 0.137324
1 0.915365 0.637324 0.030729 0.079812
1 0.913542 0.534038 0.034375 0.117371
1 0.889062 0.458333 0.023958 0.102113
1 0.860156 0.456573 0.033854 0.098592
1 0.846615 0.350352 0.021354 0.076291
1 0.859375 0.310446 0.018750 0.055164
3 0.786719 0.363263 0.067187 0.137324
2 0.689583 0.292840 0.060417 0.092723
2 0.532292 0.477700 0.089583 0.136150
2 0.193490 0.748826 0.090104 0.169014
2 0.806250 0.629695 0.087500 0.167840
3 0.737500 0.444836 0.078125 0.183099
4 0.615365 0.622066 0.138021 0.347418
2 0.647656 0.260563 0.040104 0.058685
4 0.792188 0.222418 0.048958 0.116197
