1 0.4966145833333333 0.8474178403755869 0.049479166666666664 0.12910798122065728
1 0.16979166666666667 0.40316901408450706 0.035416666666666666 0.06690140845070423
1 0.6911458333333333 0.42136150234741787 0.027083333333333334 0.08450704225352113
1 0.8286458333333333 0.2576291079812207 0.015625 0.05751173708920188
1 0.7861979166666666 0.2312206572769953 0.0109375 0.056338028169014086
1 0.7729166666666667 0.22711267605633803 0.011458333333333333 0.05985915492957747
1 0.8635416666666667 0.2517605633802817 0.02395833333333333 0.08568075117370892
1 0.9088541666666666 0.2623239436619718 0.010416666666666666 0.05046948356807512
1 0.8924479166666667 0.5974178403755869 0.027604166666666666 0.11971830985915494
2 0.8341145833333333 0.3380281690140845 0.0546875 0.0892018779342723
2 0.7859375 0.4125586854460094 0.06770833333333333 0.09976525821596244
2 0.7744791666666666 0.70481220657277 0.08541666666666667 0.2007042253521127
4 0.22786458333333334 0.6355633802816901 0.09739583333333333 0.27816901408450706
4 0.7244791666666667 0.29401408450704225 0.06979166666666667 0.14906103286384978
