1 0.249219 0.617371 0.032813 0.110329
1 0.215104 0.525235 0.027083 0.085681
1 0.225000 0.458333 0.035417 0.090376
1 0.212500 0.337441 0.025000 0.050469
1 0.839323 0.794601 0.038021 0.166667
1 0.906510 0.704812 0.041146 0.125587
1 0.984635 0.643779 0.030729 0.153756
1 0.947135 0.453638 0.023438 0.111502
1 0.972917 0.494718 0.021875 0.111502
2 0.602604 0.340962 0.058333 0.071596
2 0.552604 0.433099 0.060417 0.112676
2 0.489063 0.596244 0.123958 0.208920
3 0.128385 0.425469 0.101562 0.123239
2 0.189323 0.802817 0.159896 0.180751
2 0.778646 0.507042 0.076042 0.131455
2 0.876302 0.550469 0.069271 0.117371
2 0.702083 0.410798 0.055208 0.112676
2 0.799479 0.396127 0.044792 0.095070
2 0.898958 0.399061 0.057292 0.124413
2 0.843750 0.297535 0.048958 0.071596
4 0.717969 0.296948 0.058854 0.129108
4 0.617708 0.555751 0.108333 0.254695
