1 0.379427 0.631455 0.041146 0.126761
1 0.160677 0.335094 0.030729 0.057512
1 0.736719 0.472418 0.020313 0.111502
1 0.672656 0.829812 0.038021 0.176056
1 0.942969 0.734742 0.028646 0.143192
1 0.907292 0.635563 0.028125 0.130282
1 0.968750 0.596244 0.034375 0.112676
1 0.823438 0.436033 0.030208 0.092723
1 0.893229 0.369131 0.018750 0.088028
1 0.949219 0.461854 0.030729 0.113850
1 0.679688 0.322183 0.026042 0.073944
2 0.757292 0.803404 0.107292 0.261737
2 0.809635 0.559859 0.083854 0.157277
2 0.903646 0.517019 0.092708 0.156103
2 0.814844 0.367371 0.086979 0.112676
2 0.855469 0.269953 0.040104 0.075117
2 0.808594 0.252347 0.038021 0.072770
2 0.478125 0.568075 0.095833 0.136150
2 0.412240 0.838028 0.181771 0.220657
2 0.199479 0.759390 0.116667 0.265258
2 0.173437 0.511737 0.088542 0.119718
2 0.525000 0.436620 0.081250 0.122066
2 0.619271 0.315728 0.061458 0.112676
4 0.748698 0.265258 0.074479 0.131455
4 0.627865 0.626174 0.130729 0.341549
