1 0.740365 0.475939 0.029687 0.085681
1 0.903906 0.641432 0.026562 0.125587
1 0.940104 0.731221 0.037500 0.129108
1 0.678385 0.808685 0.045312 0.145540
1 0.374479 0.634977 0.042708 0.117371
1 0.162240 0.341549 0.034896 0.051643
1 0.680990 0.330399 0.016146 0.073944
1 0.893750 0.365023 0.023958 0.079812
1 0.824479 0.436620 0.025000 0.082160
1 0.965365 0.568075 0.033854 0.133803
2 0.811719 0.573944 0.083854 0.154930
2 0.893490 0.504695 0.082812 0.133803
2 0.763542 0.799296 0.134375 0.251174
2 0.529167 0.417254 0.087500 0.118545
2 0.478125 0.576878 0.117708 0.139671
2 0.401562 0.830399 0.156250 0.224178
2 0.196875 0.765258 0.118750 0.241784
2 0.167448 0.509390 0.099479 0.136150
2 0.813021 0.360915 0.063542 0.106808
2 0.857292 0.272300 0.040625 0.079812
2 0.622656 0.301056 0.061979 0.092723
4 0.627083 0.636150 0.133333 0.314554
4 0.742448 0.276995 0.069271 0.154930
