1 0.933073 0.648474 0.043229 0.134977
1 0.890625 0.524061 0.037500 0.109155
1 0.965625 0.485915 0.027083 0.107981
1 0.881771 0.407277 0.026042 0.084507
1 0.504167 0.623239 0.037500 0.143192
1 0.191667 0.573357 0.040625 0.102113
1 0.671615 0.355047 0.020313 0.090376
3 0.707552 0.738263 0.124479 0.368545
2 0.309635 0.794014 0.183854 0.247653
2 0.480469 0.517606 0.104688 0.143192
2 0.603906 0.537559 0.103646 0.154930
2 0.579427 0.368545 0.060937 0.112676
2 0.607812 0.281103 0.033333 0.052817
2 0.811198 0.597418 0.086979 0.145540
2 0.773177 0.457160 0.064062 0.134977
2 0.782552 0.352700 0.059896 0.090376
2 0.825000 0.295775 0.051042 0.086854
4 0.717708 0.295775 0.070833 0.157277
4 0.803646 0.180751 0.055208 0.103286
