1 0.488802 0.794014 0.033854 0.106808
1 0.449479 0.767019 0.030208 0.111502
1 0.373698 0.817488 0.050521 0.134977
1 0.578646 0.491784 0.029167 0.107981
1 0.660677 0.497653 0.028646 0.077465
1 0.693750 0.403169 0.023958 0.088028
3 0.721615 0.278169 0.053646 0.152582
2 0.637500 0.350352 0.065625 0.102113
1 0.930990 0.551056 0.038021 0.104460
1 0.975260 0.634390 0.025521 0.127934
1 0.886198 0.448944 0.027604 0.106808
1 0.918229 0.423122 0.020833 0.106808
1 0.860156 0.295188 0.020313 0.073944
2 0.591406 0.781690 0.132812 0.204225
2 0.415104 0.615610 0.130208 0.125587
2 0.803385 0.779343 0.105729 0.208920
2 0.725521 0.497066 0.068750 0.106808
2 0.762760 0.386150 0.064062 0.103286
2 0.782552 0.301643 0.049479 0.086854
2 0.798958 0.231221 0.048958 0.082160
2 0.540365 0.385563 0.077604 0.125587
2 0.643229 0.247653 0.059375 0.072770
