1 0.282292 0.508216 0.036458 0.084507
1 0.200000 0.580399 0.042708 0.102113
1 0.269271 0.726526 0.036458 0.145540
1 0.517448 0.578638 0.044271 0.089202
2 0.172135 0.484155 0.106771 0.120892
1 0.648698 0.359742 0.026562 0.069249
1 0.727865 0.346831 0.021354 0.055164
1 0.671875 0.518779 0.036458 0.096244
1 0.918229 0.474178 0.017708 0.075117
1 0.956250 0.806338 0.035417 0.129108
3 0.828125 0.776995 0.157292 0.312207
3 0.774219 0.190141 0.066146 0.119718
2 0.619271 0.265845 0.059375 0.092723
2 0.576042 0.329812 0.044792 0.103286
2 0.728646 0.445423 0.066667 0.095070
2 0.872656 0.525822 0.082812 0.145540
2 0.590365 0.714789 0.110937 0.206573
2 0.870573 0.383803 0.066146 0.093897
4 0.800260 0.309272 0.071354 0.153756
