1 0.914323 0.687793 0.031771 0.143192
1 0.715625 0.825117 0.045833 0.154930
2 0.519531 0.528756 0.101562 0.167840
1 0.528906 0.627934 0.042188 0.112676
1 0.240625 0.443075 0.027083 0.095070
1 0.179427 0.446596 0.027604 0.083333
1 0.929427 0.431925 0.021354 0.100939
1 0.892188 0.566901 0.039583 0.115023
1 0.903125 0.416080 0.020833 0.085681
1 0.155729 0.385563 0.020833 0.055164
2 0.197656 0.561620 0.098437 0.109155
2 0.601042 0.332160 0.048958 0.115023
2 0.651042 0.249413 0.052083 0.069249
2 0.692969 0.212441 0.051562 0.056338
4 0.817969 0.470070 0.088021 0.250000
4 0.655729 0.419014 0.094792 0.211268
4 0.728125 0.275822 0.058333 0.143192
4 0.802865 0.243545 0.075521 0.160798
4 0.868490 0.246479 0.057813 0.100939
4 0.594271 0.754695 0.132292 0.309859
