1 0.9463541666666666 0.8456572769953051 0.03333333333333333 0.1467136150234742
1 0.22682291666666665 0.7646713615023474 0.04010416666666666 0.1068075117370892
1 0.8838541666666666 0.511737089201878 0.020833333333333332 0.11502347417840376
1 0.9098958333333333 0.4706572769953052 0.026041666666666668 0.10093896713615023
1 0.9703125 0.488849765258216 0.02395833333333333 0.07863849765258216
1 0.9072916666666666 0.3779342723004695 0.020833333333333332 0.051643192488262914
1 0.9479166666666666 0.4242957746478873 0.017708333333333333 0.09272300469483569
1 0.8546874999999999 0.3438967136150235 0.014583333333333334 0.07746478873239437
1 0.7135416666666666 0.31279342723004694 0.020833333333333332 0.06690140845070423
1 0.8291666666666666 0.3075117370892019 0.016666666666666666 0.07042253521126761
1 0.87890625 0.31103286384976525 0.0140625 0.05868544600938967
4 0.78359375 0.27230046948356806 0.05677083333333333 0.1267605633802817
3 0.91015625 0.22124413145539906 0.0484375 0.1255868544600939
3 0.79609375 0.14143192488262912 0.07135416666666666 0.06690140845070423
2 0.728125 0.23708920187793428 0.034375 0.051643192488262914
2 0.7966145833333333 0.5475352112676056 0.0734375 0.12323943661971831
2 0.8158854166666667 0.4107981220657277 0.0484375 0.0892018779342723
2 0.5940104166666667 0.8515258215962441 0.1515625 0.15610328638497653
2 0.8138020833333334 0.857981220657277 0.13072916666666667 0.14084507042253522
2 0.19401041666666666 0.5962441314553991 0.07447916666666667 0.12206572769953052
2 0.11145833333333333 0.4507042253521127 0.090625 0.08215962441314555
