1 0.647396 0.291667 0.015625 0.071596
1 0.872656 0.496479 0.030729 0.096244
1 0.931250 0.573357 0.037500 0.106808
1 0.944271 0.453638 0.030208 0.095070
2 0.621354 0.742958 0.122917 0.220657
3 0.534635 0.434859 0.148438 0.271127
2 0.212500 0.747066 0.098958 0.210094
2 0.712240 0.286972 0.048438 0.118545
2 0.801302 0.342723 0.069271 0.096244
2 0.817708 0.437207 0.040625 0.099765
2 0.777604 0.247066 0.048958 0.076291
2 0.839323 0.275235 0.050521 0.076291
4 0.763281 0.572770 0.107813 0.316901
4 0.698177 0.428991 0.067187 0.149061
