3 0.730208 0.170188 0.071875 0.112676
1 0.914323 0.749413 0.036979 0.165493
1 0.863542 0.641432 0.031250 0.134977
1 0.729948 0.762324 0.038021 0.142019
1 0.652604 0.756455 0.050000 0.167840
1 0.703646 0.599765 0.039583 0.107981
2 0.661458 0.495892 0.105208 0.132629
1 0.910417 0.581573 0.033333 0.113850
1 0.864844 0.430751 0.020313 0.086854
1 0.634115 0.379695 0.021354 0.057512
4 0.790104 0.520540 0.084375 0.210094
1 0.984375 0.598592 0.031250 0.117371
1 0.904427 0.489437 0.026562 0.096244
2 0.653906 0.250000 0.054688 0.110329
2 0.193490 0.798709 0.118229 0.219484
4 0.776042 0.269366 0.056250 0.146714
