1 0.704948 0.596831 0.040104 0.142019
1 0.729167 0.757042 0.044792 0.176056
1 0.648698 0.772300 0.042188 0.187793
2 0.650521 0.505282 0.084375 0.132629
3 0.732031 0.172535 0.071354 0.129108
1 0.860417 0.654343 0.033333 0.111502
1 0.911198 0.741197 0.040104 0.165493
1 0.910937 0.575704 0.028125 0.097418
1 0.637500 0.372066 0.027083 0.065728
1 0.848177 0.380869 0.022396 0.073944
2 0.189062 0.798709 0.129167 0.219484
3 0.788802 0.525235 0.097396 0.235915
2 0.843490 0.288146 0.048438 0.088028
2 0.792708 0.372653 0.047917 0.069249
2 0.653906 0.252934 0.049479 0.083333
4 0.777083 0.263498 0.054167 0.130282
