2 0.525000 0.563380 0.121875 0.176056
1 0.742448 0.530516 0.030729 0.122066
1 0.713281 0.492958 0.022396 0.079812
1 0.856510 0.478873 0.021354 0.089202
1 0.919010 0.485329 0.028646 0.102113
1 0.947917 0.536972 0.022917 0.092723
1 0.132552 0.413732 0.030729 0.071596
1 0.734375 0.323944 0.015625 0.070423
1 0.752865 0.336854 0.014063 0.075117
2 0.681771 0.327465 0.069792 0.105634
2 0.645312 0.584507 0.078125 0.150235
2 0.746094 0.716549 0.086979 0.184272
2 0.778906 0.482981 0.067187 0.104460
2 0.818229 0.337441 0.044792 0.104460
3 0.911979 0.754108 0.136458 0.329812
4 0.576042 0.173122 0.072917 0.095070
