1 0.301563 0.529930 0.032292 0.085681
1 0.644792 0.794601 0.046875 0.112676
1 0.974479 0.680164 0.035417 0.139671
2 0.739062 0.601526 0.081250 0.226526
3 0.676042 0.214789 0.097917 0.157277
1 0.864844 0.566901 0.027604 0.107981
1 0.917708 0.579812 0.023958 0.122066
1 0.946875 0.524061 0.020833 0.095070
1 0.883854 0.508803 0.020833 0.104460
1 0.844271 0.515258 0.026042 0.096244
1 0.719271 0.441315 0.023958 0.070423
1 0.730469 0.372653 0.021354 0.071596
2 0.680990 0.342723 0.058854 0.100939
2 0.624740 0.434859 0.066146 0.125587
2 0.626042 0.627347 0.093750 0.170188
2 0.216146 0.588615 0.073958 0.116197
2 0.160417 0.471831 0.100000 0.103286
2 0.780208 0.340376 0.055208 0.110329
4 0.728385 0.233568 0.071354 0.110329
