1 0.340885 0.488263 0.032813 0.091549
1 0.187500 0.415493 0.028125 0.079812
1 0.100000 0.467723 0.037500 0.057512
1 0.908073 0.627347 0.030729 0.113850
1 0.961719 0.652582 0.028646 0.115023
1 0.963802 0.489437 0.038021 0.091549
1 0.914062 0.475939 0.019792 0.085681
1 0.863021 0.493545 0.021875 0.069249
1 0.855208 0.426056 0.022917 0.070423
1 0.923698 0.413146 0.015104 0.096244
1 0.895573 0.400822 0.023438 0.097418
1 0.883854 0.308099 0.017708 0.059859
2 0.684115 0.356221 0.057813 0.099765
2 0.688281 0.457160 0.061979 0.111502
2 0.614844 0.700117 0.122396 0.193662
2 0.488542 0.639671 0.119792 0.169014
2 0.541927 0.406103 0.096354 0.096244
2 0.625521 0.282864 0.058333 0.070423
2 0.214062 0.583333 0.087500 0.171362
2 0.767969 0.400822 0.054688 0.113850
2 0.739583 0.784038 0.115625 0.220657
2 0.816146 0.301056 0.059375 0.083333
2 0.836719 0.241197 0.048438 0.064554
3 0.742708 0.163732 0.094792 0.134977
