1 0.34869791666666666 0.5886150234741784 0.04010416666666666 0.1068075117370892
1 0.18567708333333333 0.6343896713615024 0.0296875 0.10446009389671362
1 0.13411458333333334 0.38438967136150237 0.022395833333333334 0.0528169014084507
1 0.7166666666666667 0.6150234741784038 0.02395833333333333 0.10093896713615023
1 0.9208333333333333 0.7012910798122066 0.025 0.12089201877934272
1 0.9627604166666667 0.7300469483568075 0.03177083333333333 0.13615023474178403
1 0.9794270833333333 0.6719483568075117 0.030729166666666665 0.11854460093896714
1 0.9161458333333333 0.5123239436619719 0.03229166666666666 0.11384976525821597
1 0.9416666666666667 0.47711267605633806 0.02395833333333333 0.08098591549295775
1 0.97265625 0.4665492957746479 0.019270833333333334 0.08802816901408451
1 0.9908854166666666 0.4994131455399061 0.0171875 0.13262910798122066
1 0.8963541666666667 0.4495305164319249 0.021875 0.07511737089201878
1 0.6643229166666667 0.2793427230046948 0.0171875 0.07746478873239437
1 0.78359375 0.22124413145539906 0.015104166666666667 0.05985915492957747
2 0.79609375 0.5416666666666666 0.0609375 0.12089201877934272
2 0.8638020833333333 0.357981220657277 0.05260416666666667 0.09859154929577466
2 0.790625 0.3145539906103286 0.041666666666666664 0.07746478873239437
2 0.8223958333333333 0.22769953051643194 0.04583333333333333 0.06338028169014084
2 0.8153645833333333 0.7582159624413146 0.1171875 0.20422535211267606
2 0.4770833333333333 0.2177230046948357 0.0625 0.06455399061032864
2 0.6841145833333333 0.1449530516431925 0.05572916666666666 0.04342723004694836
2 0.7361979166666667 0.24295774647887325 0.04635416666666667 0.07042253521126761
4 0.7138020833333333 0.42312206572769956 0.0890625 0.20305164319248828
