1 0.721875 0.519366 0.021875 0.095070
1 0.922396 0.809272 0.027083 0.137324
1 0.948958 0.739437 0.031250 0.143192
1 0.986979 0.707746 0.026042 0.133803
1 0.945573 0.511150 0.030729 0.099765
1 0.904687 0.464789 0.022917 0.082160
1 0.320833 0.678404 0.050000 0.126761
1 0.200781 0.534038 0.039062 0.117371
1 0.128125 0.496479 0.033333 0.096244
1 0.175521 0.460681 0.027083 0.097418
1 0.599479 0.414319 0.018750 0.079812
1 0.935937 0.419601 0.019792 0.078638
1 0.766146 0.321009 0.016667 0.064554
2 0.594271 0.695423 0.121875 0.191315
2 0.637760 0.522887 0.091146 0.144366
2 0.664844 0.424883 0.067187 0.105634
2 0.653906 0.343310 0.059896 0.104460
2 0.694792 0.266432 0.040625 0.058685
2 0.718750 0.348005 0.048958 0.085681
2 0.793750 0.539906 0.073958 0.154930
2 0.824219 0.748239 0.098437 0.186620
2 0.838802 0.404343 0.054688 0.120892
2 0.821094 0.329225 0.047396 0.090376
2 0.789583 0.268192 0.043750 0.097418
4 0.618750 0.279343 0.059375 0.105634
4 0.473177 0.498826 0.115104 0.274648
4 0.184635 0.748826 0.076563 0.213615
