1 0.641406 0.364437 0.025521 0.066901
1 0.263802 0.731808 0.038021 0.130282
1 0.183073 0.638498 0.043229 0.091549
1 0.167448 0.434859 0.026562 0.057512
1 0.906771 0.660798 0.029167 0.112676
1 0.960938 0.599765 0.031250 0.129108
1 0.891927 0.533451 0.033854 0.106808
1 0.941927 0.504695 0.031771 0.089202
1 0.888021 0.434859 0.032292 0.080986
1 0.868229 0.366784 0.031250 0.099765
2 0.704427 0.445423 0.066146 0.097418
2 0.799740 0.603873 0.079687 0.160798
2 0.456250 0.580399 0.098958 0.163146
2 0.595833 0.328638 0.054167 0.084507
2 0.636719 0.268779 0.046354 0.065728
2 0.805729 0.423122 0.068750 0.104460
2 0.823438 0.322770 0.037500 0.063380
2 0.853646 0.258216 0.046875 0.049296
2 0.688802 0.348592 0.050521 0.093897
2 0.717969 0.292254 0.041146 0.049296
2 0.781771 0.834507 0.122917 0.199531
4 0.683073 0.202465 0.058854 0.111502
