1 0.743490 0.573944 0.033854 0.100939
1 0.601562 0.457160 0.029167 0.083333
1 0.213281 0.489437 0.030729 0.070423
1 0.260156 0.430164 0.030729 0.069249
1 0.188542 0.425469 0.035417 0.078638
1 0.932292 0.666080 0.043750 0.106808
1 0.957292 0.582746 0.034375 0.109155
1 0.975260 0.514671 0.030729 0.095070
1 0.907292 0.540493 0.036458 0.106808
1 0.889583 0.432512 0.023958 0.097418
1 0.944271 0.436033 0.030208 0.113850
2 0.131510 0.456573 0.077604 0.133803
2 0.701042 0.498826 0.090625 0.136150
2 0.539583 0.845657 0.141667 0.191315
2 0.262500 0.587441 0.075000 0.165493
2 0.818750 0.650235 0.101042 0.248826
2 0.846094 0.466549 0.060937 0.113850
2 0.806510 0.379108 0.058854 0.110329
2 0.834115 0.306338 0.048438 0.077465
2 0.767448 0.287559 0.051562 0.082160
2 0.605990 0.305751 0.055729 0.088028
4 0.679167 0.355634 0.076042 0.164319
4 0.730469 0.170188 0.063021 0.077465
