1 0.157812 0.413146 0.027083 0.086854
1 0.238802 0.448944 0.035937 0.085681
1 0.194271 0.853286 0.066667 0.138498
1 0.726042 0.595657 0.030208 0.109155
1 0.729167 0.487089 0.030208 0.077465
1 0.941927 0.701291 0.035937 0.123239
1 0.971875 0.639085 0.035417 0.123239
1 0.899479 0.522300 0.026042 0.100939
1 0.924219 0.383216 0.023438 0.088028
2 0.668229 0.444836 0.081250 0.112676
2 0.618490 0.689554 0.114062 0.247653
1 0.715625 0.254108 0.018750 0.048122
1 0.788281 0.271127 0.023438 0.056338
1 0.882031 0.323944 0.017188 0.056338
2 0.631250 0.295188 0.052083 0.088028
2 0.578906 0.330399 0.050521 0.062207
2 0.543229 0.420188 0.050000 0.100939
2 0.422135 0.815728 0.182812 0.208920
2 0.193490 0.621479 0.079687 0.179577
4 0.835156 0.642606 0.109896 0.360329
4 0.795833 0.389085 0.057292 0.163146
