1 0.346354 0.599765 0.032292 0.112676
1 0.167969 0.455399 0.034896 0.075117
1 0.147917 0.408451 0.028125 0.061033
1 0.976042 0.633803 0.036458 0.145540
1 0.930990 0.560446 0.032813 0.116197
1 0.925521 0.409624 0.026042 0.079812
1 0.886979 0.355634 0.020833 0.077465
2 0.757552 0.214202 0.045312 0.066901
3 0.603385 0.359742 0.064062 0.132629
2 0.741146 0.341549 0.068750 0.115023
2 0.705208 0.280516 0.058333 0.096244
2 0.703125 0.201291 0.037500 0.057512
2 0.648438 0.228873 0.036458 0.046948
2 0.628906 0.288146 0.049479 0.071596
2 0.299740 0.457746 0.077604 0.089202
2 0.202083 0.713028 0.087500 0.181925
4 0.850260 0.271127 0.064062 0.154930
