3 0.597917 0.362676 0.070833 0.117371
2 0.758333 0.214202 0.043750 0.073944
1 0.177083 0.457160 0.035417 0.071596
1 0.149479 0.397887 0.025000 0.046948
1 0.346875 0.592723 0.027083 0.098592
1 0.939583 0.572183 0.040625 0.120892
1 0.981510 0.626174 0.029687 0.113850
1 0.889583 0.352700 0.022917 0.080986
2 0.213281 0.697770 0.085938 0.184272
2 0.297917 0.470070 0.090625 0.099765
2 0.739062 0.347418 0.082292 0.103286
2 0.813542 0.372653 0.068750 0.113850
2 0.865625 0.488263 0.078125 0.117371
4 0.848958 0.270540 0.061458 0.127934
