1 0.681771 0.347418 0.021875 0.075117
1 0.714063 0.344484 0.017708 0.078638
1 0.750521 0.375000 0.028125 0.088028
1 0.804688 0.422535 0.021875 0.093897
1 0.839323 0.492958 0.021354 0.091549
1 0.813281 0.552817 0.035937 0.122066
1 0.930469 0.636150 0.032813 0.136150
1 0.976042 0.612089 0.028125 0.123239
1 0.884115 0.481221 0.024479 0.091549
1 0.218750 0.610329 0.041667 0.110329
1 0.157552 0.504108 0.032813 0.076291
1 0.144010 0.401408 0.030729 0.053991
3 0.844531 0.768779 0.204687 0.309859
3 0.618229 0.327465 0.052083 0.131455
2 0.795573 0.335094 0.055729 0.080986
2 0.867969 0.352113 0.045312 0.077465
2 0.839844 0.265258 0.032813 0.063380
4 0.560937 0.798122 0.185417 0.246479
4 0.722135 0.596831 0.132812 0.306338
4 0.616667 0.158451 0.103125 0.112676
