1 0.492448 0.711268 0.052604 0.129108
1 0.346875 0.684859 0.052083 0.137324
1 0.245573 0.438967 0.029687 0.072770
1 0.645312 0.407864 0.027083 0.073944
1 0.625260 0.372653 0.028646 0.071596
1 0.671875 0.327465 0.019792 0.065728
1 0.813802 0.660798 0.041146 0.110329
1 0.977083 0.709507 0.045833 0.142019
1 0.956771 0.616197 0.038542 0.098592
1 0.958333 0.522887 0.032292 0.066901
2 0.666146 0.553404 0.098958 0.170188
2 0.740625 0.774648 0.104167 0.201878
2 0.760938 0.571009 0.068750 0.142019
2 0.731510 0.386737 0.067187 0.095070
2 0.860938 0.421362 0.066667 0.093897
2 0.861458 0.532864 0.075000 0.124413
2 0.918229 0.800469 0.094792 0.215962
2 0.140885 0.462441 0.072396 0.084507
2 0.205729 0.635563 0.088542 0.177230
2 0.365365 0.230634 0.077604 0.090376
2 0.185156 0.278169 0.056771 0.086854
2 0.849219 0.318075 0.045312 0.075117
4 0.671354 0.208920 0.064583 0.107981
4 0.598698 0.312793 0.063021 0.153756
4 0.518229 0.413146 0.088542 0.194836
4 0.583594 0.743545 0.088021 0.245305
4 0.778385 0.227113 0.048438 0.085681
4 0.739062 0.292254 0.050000 0.091549
