1 0.5502604166666667 0.7705399061032864 0.030729166666666665 0.142018779342723
1 0.5830729166666666 0.8427230046948357 0.044270833333333336 0.13615023474178403
1 0.275 0.8233568075117371 0.035416666666666666 0.12089201877934272
1 0.18567708333333333 0.8345070422535211 0.0359375 0.13145539906103287
1 0.6875 0.36971830985915494 0.015625 0.07981220657276995
1 0.7705729166666666 0.29518779342723006 0.015104166666666667 0.06924882629107981
1 0.8401041666666667 0.3251173708920188 0.01875 0.07746478873239437
1 0.8664062499999999 0.44366197183098594 0.024479166666666666 0.07981220657276995
1 0.8973958333333333 0.6085680751173709 0.036458333333333336 0.1255868544600939
1 0.75390625 0.24295774647887325 0.015104166666666667 0.05868544600938967
2 0.5981770833333333 0.45892018779342725 0.08177083333333333 0.10328638497652583
2 0.6390625 0.32629107981220656 0.04375 0.1056338028169014
2 0.6942708333333333 0.22946009389671362 0.0375 0.0528169014084507
2 0.8036458333333333 0.2165492957746479 0.026041666666666668 0.06924882629107981
2 0.8575520833333333 0.25 0.028645833333333332 0.04225352112676056
2 0.8877604166666666 0.306924882629108 0.050520833333333334 0.06690140845070423
2 0.9093749999999999 0.24471830985915494 0.046875 0.062206572769953054
2 0.7703125 0.4166666666666667 0.05520833333333333 0.11971830985915494
4 0.75703125 0.6766431924882629 0.10885416666666667 0.3392018779342723
4 0.21119791666666665 0.5246478873239436 0.1015625 0.2183098591549296
