1 0.922917 0.431925 0.016667 0.091549
1 0.955729 0.632629 0.036458 0.136150
1 0.817708 0.652582 0.028125 0.098592
2 0.662760 0.545188 0.110937 0.170188
1 0.489844 0.694249 0.041146 0.144366
1 0.345573 0.671948 0.044271 0.132629
1 0.250260 0.446009 0.035937 0.075117
1 0.119010 0.397887 0.031771 0.065728
1 0.644531 0.416080 0.028646 0.083333
1 0.621875 0.379695 0.025000 0.102113
1 0.672396 0.328052 0.028125 0.050469
2 0.737760 0.383216 0.054688 0.113850
2 0.841927 0.321596 0.042188 0.079812
2 0.851562 0.417840 0.065625 0.138498
2 0.870573 0.562793 0.092188 0.156103
2 0.912760 0.812207 0.106771 0.204225
2 0.739062 0.760563 0.122917 0.183099
2 0.208594 0.651408 0.084896 0.180751
2 0.151562 0.483568 0.084375 0.105634
2 0.375000 0.235915 0.082292 0.079812
2 0.589323 0.190728 0.067187 0.059859
2 0.189323 0.279343 0.074479 0.072770
2 0.730208 0.141432 0.039583 0.073944
4 0.593750 0.309272 0.081250 0.144366
4 0.515885 0.413732 0.091146 0.186620
4 0.738542 0.285798 0.042708 0.064554
4 0.582031 0.742371 0.093229 0.233568
