2 0.522135 0.628521 0.120313 0.207746
1 0.663281 0.671948 0.038021 0.123239
1 0.599219 0.767019 0.045312 0.142019
1 0.907292 0.750587 0.039583 0.153756
1 0.910677 0.619718 0.038021 0.112676
1 0.851042 0.498826 0.017708 0.096244
1 0.959375 0.544014 0.027083 0.109155
1 0.641406 0.457746 0.031771 0.110329
1 0.710938 0.429577 0.025000 0.093897
1 0.640365 0.373826 0.030729 0.090376
1 0.748698 0.364437 0.017188 0.085681
1 0.702865 0.334507 0.018229 0.079812
1 0.197135 0.414319 0.026562 0.079812
1 0.119010 0.396127 0.021354 0.076291
0 0.218750 0.315141 0.022917 0.102113
1 0.880729 0.434859 0.028125 0.109155
1 0.839583 0.297535 0.064583 0.078638
2 0.762760 0.602700 0.084896 0.174883
2 0.188281 0.566901 0.086979 0.117371
2 0.840625 0.389085 0.070833 0.123239
