1 0.667448 0.667840 0.029687 0.112676
1 0.601302 0.765845 0.033854 0.139671
1 0.196354 0.417840 0.029167 0.072770
1 0.117969 0.406690 0.036979 0.062207
1 0.899740 0.751761 0.052604 0.142019
1 0.910417 0.624413 0.027083 0.098592
1 0.643490 0.463615 0.026562 0.105634
1 0.708333 0.421362 0.021875 0.126761
1 0.639323 0.376761 0.018229 0.086854
1 0.703906 0.343310 0.021354 0.078638
1 0.749219 0.366784 0.017188 0.076291
1 0.775260 0.325117 0.016146 0.077465
1 0.927604 0.557512 0.025000 0.098592
1 0.959115 0.534038 0.026562 0.124413
2 0.766146 0.583333 0.080208 0.129108
2 0.518490 0.625587 0.117188 0.192488
2 0.187240 0.571596 0.090104 0.100939
2 0.841406 0.389085 0.073438 0.113850
2 0.666406 0.289906 0.046354 0.084507
