1 0.321615 0.663146 0.028646 0.119718
1 0.243750 0.464202 0.042708 0.092723
1 0.180208 0.395540 0.029167 0.079812
1 0.209375 0.373239 0.040625 0.065728
1 0.699219 0.421948 0.017188 0.090376
1 0.686979 0.353286 0.016667 0.070423
1 0.876042 0.401408 0.026042 0.079812
1 0.915625 0.521714 0.028125 0.109155
1 0.879167 0.343897 0.020833 0.065728
1 0.878906 0.276408 0.020313 0.066901
1 0.758854 0.282864 0.017708 0.075117
1 0.684635 0.219484 0.015104 0.068075
2 0.209635 0.654930 0.092188 0.197183
2 0.144271 0.474765 0.093750 0.125587
2 0.165365 0.872066 0.161979 0.117371
2 0.623958 0.317488 0.063542 0.095070
2 0.792708 0.333333 0.057292 0.065728
2 0.789062 0.263498 0.036458 0.045775
2 0.742708 0.187793 0.028125 0.046948
4 0.486979 0.467136 0.122917 0.255869
4 0.813021 0.558099 0.106250 0.278169
