1 0.913021 0.529930 0.020833 0.116197
1 0.936719 0.424883 0.028646 0.096244
1 0.986719 0.519953 0.026562 0.107981
1 0.695833 0.413732 0.018750 0.076291
1 0.326562 0.665493 0.038542 0.122066
1 0.248698 0.463615 0.033854 0.100939
1 0.181771 0.397887 0.033333 0.093897
1 0.210938 0.367371 0.032292 0.072770
1 0.876563 0.396714 0.016667 0.070423
1 0.878906 0.338028 0.014063 0.053991
1 0.758333 0.281103 0.016667 0.062207
2 0.788281 0.320423 0.060937 0.096244
2 0.789323 0.266432 0.044271 0.044601
2 0.211719 0.642606 0.089063 0.188967
2 0.141667 0.478286 0.083333 0.149061
4 0.814323 0.562793 0.115104 0.301643
4 0.494010 0.460094 0.125521 0.288732
