1 0.211719 0.498239 0.035937 0.109155
1 0.527344 0.862676 0.046354 0.124413
1 0.697917 0.332746 0.019792 0.076291
1 0.928646 0.808685 0.040625 0.159624
1 0.969010 0.663146 0.031771 0.126761
1 0.894531 0.579812 0.032813 0.145540
1 0.932292 0.499413 0.023958 0.111502
1 0.896094 0.427817 0.021354 0.106808
1 0.872917 0.423122 0.021875 0.097418
1 0.789323 0.317488 0.023438 0.078638
1 0.944792 0.420188 0.020833 0.091549
2 0.760417 0.381455 0.066667 0.105634
2 0.569010 0.640258 0.116146 0.165493
2 0.674219 0.279930 0.042188 0.066901
2 0.729688 0.254695 0.040625 0.058685
2 0.645312 0.819836 0.139583 0.212441
4 0.812240 0.504108 0.092188 0.245305
4 0.835677 0.262324 0.060937 0.144366
