1 0.6864583333333333 0.3738262910798122 0.017708333333333333 0.08568075117370892
1 0.5848958333333333 0.840962441314554 0.041666666666666664 0.1443661971830986
1 0.55234375 0.7746478873239436 0.03802083333333333 0.14788732394366197
1 0.27682291666666664 0.823943661971831 0.03177083333333333 0.15258215962441316
1 0.18776041666666665 0.8421361502347418 0.044270833333333336 0.17253521126760563
1 0.8669270833333333 0.44072769953051644 0.018229166666666668 0.09272300469483569
1 0.896875 0.6150234741784038 0.03229166666666666 0.12441314553990611
1 0.83984375 0.3333333333333333 0.0140625 0.06103286384976526
1 0.7700520833333333 0.29577464788732394 0.019270833333333334 0.06103286384976526
1 0.7546875 0.24237089201877934 0.011458333333333333 0.05985915492957747
4 0.8375 0.16607981220657278 0.042708333333333334 0.09507042253521127
4 0.7528645833333333 0.6860328638497653 0.11927083333333333 0.36032863849765256
4 0.21041666666666667 0.517018779342723 0.08125 0.18427230046948356
2 0.7682291666666666 0.414906103286385 0.06875 0.15610328638497653
2 0.5934895833333333 0.46185446009389675 0.06614583333333333 0.12089201877934272
2 0.64140625 0.3315727699530516 0.0421875 0.06455399061032864
2 0.69609375 0.23767605633802819 0.050520833333333334 0.05751173708920188
2 0.8080729166666667 0.232981220657277 0.04010416666666666 0.06924882629107981
2 0.8536458333333333 0.24882629107981222 0.034375 0.05868544600938967
2 0.8809895833333333 0.31103286384976525 0.043229166666666666 0.0892018779342723
2 0.9091145833333333 0.25528169014084506 0.0421875 0.08568075117370892
