1 0.922917 0.420775 0.023958 0.111502
1 0.960938 0.462441 0.030208 0.122066
1 0.984115 0.517019 0.031771 0.137324
1 0.955990 0.602700 0.033854 0.142019
1 0.892708 0.778169 0.044792 0.166667
1 0.578385 0.421362 0.016146 0.079812
2 0.217969 0.681925 0.099479 0.211268
2 0.682552 0.166667 0.054688 0.053991
1 0.908594 0.312793 0.016146 0.071596
1 0.935156 0.305751 0.020313 0.064554
2 0.730208 0.326291 0.055208 0.089202
2 0.791146 0.303404 0.046875 0.080986
2 0.855469 0.404930 0.058854 0.098592
2 0.776042 0.857981 0.127083 0.154930
2 0.857812 0.309272 0.059375 0.090376
2 0.802344 0.238850 0.039062 0.048122
2 0.829167 0.193075 0.033333 0.069249
2 0.800000 0.184859 0.034375 0.036385
4 0.651302 0.382042 0.051562 0.132629
