1 0.935937 0.695423 0.039583 0.127934
1 0.939323 0.848005 0.032813 0.163146
1 0.871354 0.579225 0.022917 0.109155
1 0.935156 0.553404 0.028646 0.106808
1 0.940885 0.427230 0.024479 0.079812
1 0.883594 0.420188 0.038021 0.100939
1 0.907031 0.340376 0.019271 0.077465
2 0.794010 0.519366 0.089063 0.158451
2 0.760417 0.734155 0.096875 0.193662
2 0.610677 0.685446 0.105729 0.220657
2 0.654427 0.411972 0.059896 0.091549
2 0.834115 0.381455 0.058854 0.093897
2 0.850521 0.274648 0.040625 0.065728
2 0.863802 0.225352 0.042188 0.030516
2 0.691146 0.232394 0.048958 0.077465
4 0.587760 0.348592 0.077604 0.136150
4 0.742448 0.276995 0.059896 0.152582
