1 0.660156 0.421948 0.018229 0.085681
1 0.322656 0.576291 0.031771 0.100939
1 0.283333 0.524648 0.033333 0.098592
1 0.292187 0.726526 0.035417 0.166667
1 0.892708 0.660211 0.037500 0.144366
1 0.966927 0.721244 0.041146 0.139671
1 0.933333 0.848592 0.050000 0.154930
1 0.883854 0.358568 0.019792 0.073944
1 0.947656 0.479460 0.026562 0.092723
1 0.831771 0.330986 0.017708 0.075117
1 0.840885 0.281690 0.015104 0.056338
1 0.863021 0.311033 0.025000 0.063380
1 0.903385 0.307512 0.015104 0.061033
2 0.204167 0.661972 0.092708 0.173709
2 0.756250 0.592136 0.093750 0.184272
2 0.779167 0.396127 0.070833 0.127934
2 0.765625 0.225939 0.030208 0.050469
2 0.717708 0.274648 0.050000 0.075117
2 0.677604 0.234155 0.035417 0.062207
