1 0.225781 0.528756 0.036979 0.106808
1 0.211719 0.451291 0.031771 0.080986
1 0.958333 0.808685 0.041667 0.180751
1 0.880469 0.492958 0.027604 0.110329
1 0.901302 0.444249 0.028646 0.097418
1 0.917448 0.374413 0.020313 0.105634
1 0.948438 0.411385 0.020833 0.099765
1 0.895312 0.346244 0.023958 0.068075
1 0.738281 0.332160 0.019271 0.084507
1 0.704688 0.270540 0.020833 0.073944
2 0.836979 0.314554 0.058333 0.082160
2 0.667708 0.373826 0.060417 0.106808
2 0.656771 0.262324 0.050000 0.078638
2 0.207813 0.724178 0.112500 0.213615
2 0.281771 0.855047 0.157292 0.137324
4 0.807031 0.531103 0.086979 0.224178
4 0.753125 0.769366 0.160417 0.325117
