1 0.737240 0.321009 0.018229 0.078638
1 0.878646 0.473592 0.021875 0.099765
1 0.902083 0.441315 0.023958 0.100939
1 0.220052 0.512324 0.028646 0.088028
1 0.215365 0.466549 0.031771 0.083333
1 0.950000 0.799883 0.031250 0.125587
1 0.990104 0.615023 0.019792 0.131455
1 0.951042 0.410798 0.019792 0.089202
1 0.892448 0.343310 0.022396 0.078638
1 0.905469 0.279930 0.018229 0.076291
1 0.780729 0.262911 0.016667 0.063380
1 0.798438 0.223005 0.013542 0.056338
2 0.667708 0.375587 0.070833 0.119718
2 0.212760 0.727700 0.114062 0.180751
2 0.283854 0.864437 0.145833 0.142019
2 0.654167 0.269953 0.051042 0.072770
4 0.804688 0.529930 0.094792 0.226526
4 0.761198 0.779930 0.154688 0.287559
