1 0.649740 0.502347 0.022396 0.107981
1 0.703125 0.400235 0.025000 0.079812
1 0.734635 0.338615 0.026562 0.109155
1 0.698438 0.317488 0.022917 0.064554
1 0.693750 0.256455 0.015625 0.073944
1 0.650781 0.269953 0.021354 0.068075
1 0.699479 0.205399 0.019792 0.056338
1 0.751302 0.234155 0.017188 0.064554
1 0.880729 0.365610 0.023958 0.083333
1 0.983073 0.540493 0.032813 0.130282
1 0.926302 0.498239 0.043229 0.125587
2 0.186719 0.805751 0.136979 0.188967
4 0.801823 0.518779 0.104688 0.276995
4 0.813281 0.313967 0.082812 0.123239
