1 0.774219 0.631455 0.033854 0.152582
1 0.711198 0.508216 0.031771 0.117371
1 0.348698 0.575704 0.030729 0.111502
1 0.288281 0.527582 0.033854 0.092723
1 0.277604 0.440141 0.039583 0.082160
1 0.204687 0.442488 0.030208 0.079812
1 0.922135 0.669014 0.030729 0.129108
1 0.977083 0.762911 0.042708 0.173709
1 0.907813 0.477113 0.028125 0.113850
1 0.965885 0.494718 0.026562 0.099765
1 0.988802 0.636737 0.022396 0.137324
1 0.713802 0.279930 0.017188 0.071596
1 0.764062 0.267019 0.014583 0.069249
1 0.884115 0.430164 0.023438 0.099765
1 0.926042 0.445423 0.021875 0.097418
2 0.644531 0.268779 0.053646 0.072770
2 0.815365 0.433685 0.070312 0.106808
2 0.615885 0.184272 0.054688 0.058685
2 0.809115 0.319249 0.052604 0.082160
4 0.833333 0.222418 0.051042 0.123239
