1 0.207813 0.595657 0.028125 0.102113
1 0.102865 0.492371 0.035937 0.106808
1 0.805729 0.792254 0.048958 0.171362
1 0.720573 0.531103 0.034896 0.130282
1 0.708333 0.389671 0.020833 0.082160
1 0.629427 0.394366 0.028646 0.082160
1 0.192188 0.764085 0.037500 0.161972
1 0.777604 0.429577 0.021875 0.086854
1 0.796615 0.376761 0.016146 0.072770
1 0.730469 0.340962 0.011979 0.050469
1 0.740104 0.290493 0.014583 0.050469
1 0.786458 0.263498 0.009375 0.062207
1 0.842448 0.356221 0.018229 0.071596
1 0.941146 0.623826 0.020833 0.113850
1 0.867448 0.630282 0.021354 0.100939
1 0.855469 0.510563 0.020313 0.086854
1 0.894531 0.478286 0.027604 0.099765
1 0.926823 0.473592 0.026562 0.090376
1 0.856250 0.402582 0.018750 0.093897
1 0.878125 0.426643 0.018750 0.092723
1 0.905729 0.400822 0.019792 0.090376
1 0.903906 0.315141 0.021354 0.066901
2 0.634115 0.574531 0.075521 0.144366
2 0.431510 0.648474 0.116146 0.191315
2 0.876302 0.224765 0.038021 0.052817
4 0.210677 0.410211 0.138021 0.167840
