1 0.159375 0.4242957746478873 0.030208333333333334 0.06924882629107981
1 0.9427083333333334 0.7488262910798122 0.035416666666666666 0.15492957746478875
1 0.9434895833333333 0.568075117370892 0.025520833333333333 0.1056338028169014
1 0.8786458333333333 0.3609154929577465 0.020833333333333332 0.0715962441314554
1 0.7265625 0.27582159624413144 0.011458333333333333 0.06103286384976526
1 0.7815104166666667 0.24061032863849766 0.0109375 0.046948356807511735
1 0.8606770833333334 0.27699530516431925 0.015104166666666667 0.06338028169014084
1 0.8846354166666667 0.2869718309859155 0.013020833333333334 0.05516431924882629
2 0.7963541666666667 0.4835680751173709 0.058333333333333334 0.13145539906103287
2 0.7731770833333333 0.7928403755868545 0.08802083333333333 0.21713615023474178
2 0.7947916666666667 0.3397887323943662 0.042708333333333334 0.11150234741784038
4 0.7471354166666666 0.18779342723004694 0.0484375 0.09624413145539906
4 0.8216145833333334 0.22300469483568075 0.044270833333333336 0.11737089201877934
2 0.20989583333333334 0.4906103286384977 0.08229166666666667 0.10328638497652583
2 0.2109375 0.6701877934272301 0.09375 0.17370892018779344
