1 0.708333 0.395540 0.018750 0.084507
1 0.731510 0.348005 0.020313 0.069249
1 0.740104 0.285211 0.020833 0.065728
1 0.787500 0.260563 0.014583 0.068075
1 0.631510 0.389085 0.023438 0.097418
1 0.723958 0.534038 0.025000 0.124413
1 0.805729 0.789319 0.034375 0.142019
1 0.866146 0.623826 0.034375 0.104460
1 0.938542 0.630282 0.030208 0.124413
1 0.195052 0.769366 0.043229 0.153756
1 0.206250 0.592723 0.022917 0.110329
1 0.095052 0.497653 0.026562 0.098592
1 0.854688 0.509390 0.030208 0.089202
1 0.776042 0.438967 0.020833 0.072770
1 0.800260 0.380869 0.021354 0.062207
1 0.854688 0.397887 0.027083 0.072770
1 0.878125 0.433685 0.017708 0.106808
1 0.905990 0.398474 0.018229 0.078638
1 0.925260 0.469484 0.027604 0.107981
1 0.938281 0.410798 0.018229 0.079812
1 0.844010 0.354460 0.014063 0.079812
2 0.627344 0.588028 0.081771 0.169014
2 0.432292 0.639085 0.125000 0.188967
4 0.213802 0.404343 0.134896 0.198357
