1 0.187240 0.518779 0.040104 0.100939
1 0.107552 0.444836 0.030729 0.075117
1 0.169010 0.694836 0.048438 0.112676
1 0.802865 0.753521 0.032813 0.126761
1 0.788021 0.597418 0.028125 0.129108
1 0.847656 0.609742 0.030729 0.139671
1 0.830469 0.499413 0.028646 0.097418
1 0.904167 0.487676 0.033333 0.099765
1 0.918750 0.590376 0.038542 0.126761
1 0.977865 0.717723 0.043229 0.151408
1 0.898438 0.339789 0.018750 0.078638
1 0.779167 0.331573 0.019792 0.064554
1 0.754948 0.292254 0.016146 0.065728
2 0.580469 0.366197 0.071354 0.105634
4 0.831510 0.271127 0.054688 0.136150
