3 0.769792 0.330986 0.120833 0.241784
3 0.668229 0.159038 0.069792 0.102113
1 0.150521 0.830986 0.048958 0.173709
1 0.826823 0.577465 0.026562 0.107981
1 0.969271 0.660211 0.030208 0.151408
1 0.865885 0.575704 0.033854 0.113850
1 0.970573 0.514085 0.032813 0.117371
1 0.850000 0.441315 0.020833 0.107981
1 0.810417 0.465962 0.026042 0.084507
1 0.705990 0.267019 0.018229 0.069249
1 0.871094 0.395540 0.023438 0.079812
1 0.875000 0.313380 0.018750 0.077465
1 0.841406 0.336268 0.023438 0.076291
1 0.864323 0.248826 0.015104 0.058685
2 0.601042 0.386150 0.079167 0.110329
2 0.186979 0.480634 0.085417 0.111502
