1 0.719792 0.487089 0.023958 0.107981
1 0.742708 0.644366 0.035417 0.124413
1 0.643750 0.384977 0.022917 0.079812
1 0.325000 0.589202 0.030208 0.098592
1 0.308854 0.675469 0.036458 0.123239
1 0.236458 0.454812 0.034375 0.076291
1 0.162500 0.405516 0.037500 0.078638
1 0.892708 0.692488 0.032292 0.143192
1 0.939063 0.588615 0.031250 0.137324
1 0.977865 0.779343 0.044271 0.154930
1 0.775000 0.321009 0.022917 0.080986
1 0.894531 0.313380 0.024479 0.068075
2 0.864062 0.369718 0.061458 0.112676
2 0.727604 0.291667 0.037500 0.080986
1 0.718750 0.223005 0.018750 0.058685
3 0.725000 0.140845 0.060417 0.061033
2 0.788802 0.222418 0.038021 0.057512
2 0.208073 0.626174 0.070312 0.127934
2 0.193750 0.484155 0.079167 0.078638
2 0.828906 0.499413 0.078646 0.132629
4 0.515885 0.203052 0.070312 0.091549
