1 0.164583 0.660211 0.040625 0.111502
1 0.203906 0.488263 0.023438 0.072770
1 0.147917 0.545775 0.030208 0.098592
1 0.179948 0.859155 0.061979 0.143192
1 0.948177 0.726526 0.050521 0.147887
1 0.961979 0.454225 0.021875 0.110329
1 0.924479 0.455986 0.030208 0.095070
1 0.895052 0.460681 0.028646 0.109155
1 0.908333 0.320423 0.018750 0.077465
2 0.583073 0.702465 0.111979 0.214789
2 0.842708 0.448357 0.052083 0.089202
2 0.783854 0.326291 0.044792 0.079812
2 0.833073 0.276995 0.044271 0.065728
2 0.723437 0.233568 0.054167 0.070423
2 0.490885 0.218310 0.067187 0.072770
4 0.233854 0.246479 0.114583 0.138498
4 0.769531 0.554577 0.104688 0.306338
