1 0.230729 0.424883 0.032292 0.079812
1 0.143490 0.435446 0.042188 0.100939
1 0.969271 0.515258 0.030208 0.107981
1 0.910677 0.437793 0.038021 0.117371
3 0.797917 0.142606 0.080208 0.132629
1 0.762760 0.254108 0.023438 0.069249
1 0.787760 0.250000 0.014063 0.072770
1 0.820052 0.282277 0.021354 0.069249
2 0.683594 0.348005 0.061979 0.083333
2 0.744531 0.458920 0.073438 0.131455
2 0.835417 0.376761 0.071875 0.126761
2 0.573438 0.191315 0.052083 0.082160
4 0.863542 0.240610 0.056250 0.131455
4 0.529167 0.761150 0.223958 0.315728
