1 0.798438 0.656103 0.036458 0.143192
1 0.882812 0.746479 0.046875 0.161972
1 0.921094 0.574531 0.038021 0.156103
1 0.747396 0.431338 0.022917 0.090376
1 0.847656 0.416667 0.030729 0.089202
1 0.883854 0.500587 0.032292 0.113850
1 0.354948 0.811620 0.039062 0.153756
1 0.960156 0.480047 0.023438 0.093897
1 0.872396 0.320423 0.016667 0.084507
1 0.788281 0.242371 0.013021 0.050469
2 0.185417 0.744131 0.112500 0.223005
2 0.300000 0.544014 0.090625 0.130282
2 0.592969 0.710681 0.116146 0.203052
2 0.683333 0.434272 0.059375 0.110329
2 0.771875 0.353873 0.043750 0.095070
2 0.828385 0.326291 0.048438 0.096244
4 0.747917 0.193075 0.047917 0.059859
