1 0.18125 0.5035211267605634 0.03125 0.0892018779342723
1 0.75078125 0.7024647887323944 0.0328125 0.1279342723004695
1 0.8971354166666666 0.5469483568075117 0.024479166666666666 0.11971830985915494
1 0.978125 0.5633802816901409 0.028125 0.13615023474178403
3 0.67734375 0.431924882629108 0.07239583333333333 0.14788732394366197
2 0.7127604166666667 0.33274647887323944 0.04114583333333333 0.07863849765258216
2 0.81796875 0.42370892018779344 0.049479166666666664 0.12206572769953052
2 0.83984375 0.33509389671361506 0.049479166666666664 0.06455399061032864
2 0.8666666666666667 0.25880281690140844 0.036458333333333336 0.08098591549295775
4 0.4588541666666667 0.7834507042253521 0.253125 0.2640845070422535
2 0.7361979166666667 0.2511737089201878 0.027604166666666666 0.06338028169014084
