1 0.318750 0.765845 0.046875 0.151408
1 0.327604 0.549883 0.039583 0.111502
1 0.106771 0.470657 0.035417 0.091549
1 0.883594 0.669601 0.030729 0.146714
1 0.814063 0.556925 0.032292 0.106808
1 0.727083 0.490023 0.031250 0.113850
1 0.757552 0.465962 0.028646 0.098592
1 0.842448 0.384977 0.022396 0.091549
1 0.876302 0.468897 0.023438 0.111502
1 0.948958 0.677817 0.032292 0.113850
1 0.973177 0.595657 0.033854 0.109155
1 0.904948 0.456573 0.029687 0.107981
1 0.946875 0.450117 0.027083 0.095070
1 0.761198 0.307512 0.016146 0.079812
1 0.739844 0.295775 0.016146 0.079812
2 0.686719 0.241784 0.051562 0.065728
2 0.658594 0.548709 0.102604 0.151408
2 0.229948 0.670775 0.090104 0.181925
4 0.826302 0.237676 0.048438 0.106808
