1 0.503385 0.556338 0.042188 0.098592
1 0.240365 0.470070 0.029687 0.080986
1 0.200521 0.435446 0.033333 0.063380
1 0.187500 0.383803 0.035417 0.065728
2 0.175260 0.801056 0.151562 0.207746
1 0.753385 0.739437 0.041146 0.159624
1 0.929948 0.809272 0.051562 0.165493
1 0.895833 0.654343 0.027083 0.106808
1 0.961979 0.504108 0.030208 0.130282
1 0.912500 0.471831 0.032292 0.117371
1 0.845313 0.549296 0.037500 0.110329
1 0.790104 0.490023 0.029167 0.083333
1 0.880469 0.343897 0.027604 0.105634
1 0.830990 0.187793 0.018229 0.053991
2 0.193490 0.541667 0.071354 0.104460
2 0.650000 0.377934 0.059375 0.098592
2 0.809375 0.342723 0.070833 0.107981
2 0.788542 0.228873 0.044792 0.068075
