1 0.572396 0.194249 0.062500 0.064554
1 0.688021 0.451291 0.026042 0.076291
1 0.260417 0.486502 0.028125 0.090376
1 0.235417 0.811620 0.045833 0.177230
1 0.149219 0.368545 0.033854 0.070423
1 0.836198 0.529930 0.035937 0.116197
1 0.955990 0.540493 0.025521 0.113850
1 0.927083 0.457746 0.025000 0.098592
1 0.868750 0.483568 0.030208 0.103286
1 0.903125 0.393192 0.019792 0.093897
1 0.862240 0.379695 0.021354 0.095070
1 0.843750 0.397300 0.019792 0.083333
1 0.819010 0.390258 0.029687 0.085681
2 0.584896 0.447770 0.081250 0.130282
2 0.630469 0.583333 0.088021 0.152582
2 0.707031 0.274061 0.047396 0.085681
4 0.779687 0.288732 0.062500 0.164319
