1 0.191406 0.693075 0.051562 0.130282
1 0.835156 0.613263 0.033854 0.142019
1 0.926302 0.487089 0.026562 0.112676
1 0.881510 0.387911 0.031771 0.099765
1 0.850781 0.392606 0.023438 0.092723
1 0.736979 0.390845 0.019792 0.075117
1 0.781510 0.347418 0.022396 0.082160
1 0.763802 0.322770 0.021354 0.072770
1 0.895312 0.323944 0.015625 0.070423
1 0.869271 0.306925 0.023958 0.085681
2 0.588542 0.524061 0.082292 0.127934
2 0.638802 0.322183 0.071354 0.118545
2 0.678385 0.258216 0.044271 0.063380
2 0.753125 0.245305 0.054167 0.058685
2 0.822656 0.334507 0.054688 0.079812
2 0.825260 0.215962 0.045312 0.056338
