1 0.18203125 0.5070422535211268 0.030729166666666665 0.08215962441314555
1 0.746875 0.7018779342723005 0.03229166666666666 0.14084507042253522
1 0.8973958333333333 0.5534037558685446 0.02395833333333333 0.09741784037558686
1 0.9734375 0.5674882629107981 0.028125 0.09976525821596244
1 0.82890625 0.22417840375586856 0.019270833333333334 0.06103286384976526
1 0.8145833333333333 0.19307511737089203 0.009375 0.036384976525821594
2 0.7401041666666667 0.2640845070422535 0.040625 0.056338028169014086
2 0.7088541666666667 0.3257042253521127 0.034375 0.062206572769953054
2 0.8416666666666667 0.3204225352112676 0.035416666666666666 0.06103286384976526
2 0.8192708333333333 0.4295774647887324 0.05625 0.12441314553990611
4 0.46067708333333335 0.7758215962441315 0.2682291666666667 0.29107981220657275
