1 0.650000 0.710681 0.033333 0.116197
1 0.878385 0.505282 0.018229 0.099765
1 0.908333 0.616197 0.023958 0.084507
1 0.918750 0.496479 0.026042 0.103286
1 0.967448 0.511737 0.032813 0.119718
1 0.930729 0.436620 0.013542 0.068075
1 0.971354 0.742958 0.030208 0.126761
1 0.863281 0.332160 0.014063 0.058685
1 0.893229 0.271714 0.017708 0.066901
1 0.809375 0.201878 0.013542 0.039906
1 0.830469 0.181925 0.015104 0.046948
2 0.785677 0.333920 0.050521 0.111502
2 0.610417 0.488850 0.089583 0.149061
2 0.806771 0.478873 0.075000 0.138498
2 0.775000 0.823357 0.114583 0.184272
2 0.198177 0.492371 0.075521 0.109155
