1 0.698438 0.699531 0.032292 0.138498
1 0.677604 0.593310 0.023958 0.090376
1 0.922396 0.636737 0.035417 0.109155
1 0.950000 0.836268 0.044792 0.156103
1 0.856771 0.373239 0.025000 0.072770
1 0.838542 0.304577 0.021875 0.057512
1 0.879427 0.301643 0.019271 0.053991
1 0.903906 0.367371 0.021354 0.072770
1 0.177344 0.649648 0.033854 0.111502
1 0.123958 0.458920 0.032292 0.077465
0 0.208073 0.343310 0.015104 0.066901
2 0.215104 0.538146 0.077083 0.104460
2 0.170052 0.850939 0.179688 0.157277
2 0.809115 0.661972 0.074479 0.171362
2 0.735156 0.433099 0.073438 0.117371
2 0.789844 0.318075 0.047396 0.072770
4 0.843229 0.135563 0.040625 0.062207
