1 0.30833333333333335 0.6255868544600939 0.03333333333333333 0.11032863849765258
1 0.16015625 0.8057511737089202 0.030729166666666665 0.1396713615023474
1 0.6973958333333333 0.7488262910798122 0.040625 0.13615023474178403
1 0.8322916666666667 0.5727699530516432 0.029166666666666667 0.10328638497652583
1 0.9395833333333333 0.5786384976525821 0.029166666666666667 0.10328638497652583
1 0.8611979166666667 0.3438967136150235 0.019270833333333334 0.08685446009389672
1 0.86875 0.22183098591549297 0.017708333333333333 0.07042253521126761
2 0.7890625 0.4395539906103286 0.06145833333333333 0.10211267605633803
2 0.76796875 0.2282863849765258 0.044270833333333336 0.04812206572769953
3 0.68671875 0.3198356807511737 0.09114583333333333 0.1936619718309859
3 0.84140625 0.11208920187793428 0.04114583333333333 0.07394366197183098
4 0.29296875 0.24471830985915494 0.11822916666666666 0.08802816901408451
4 0.784375 0.15023474178403756 0.03958333333333333 0.04460093896713615
