1 0.1296875 0.4477699530516432 0.028125 0.06455399061032864
1 0.7440104166666667 0.3380281690140845 0.025520833333333333 0.056338028169014086
1 0.8463541666666666 0.5199530516431925 0.020833333333333332 0.10093896713615023
1 0.9005208333333333 0.6742957746478874 0.026041666666666668 0.10446009389671362
1 0.9752604166666666 0.6103286384976526 0.028645833333333332 0.10328638497652583
1 0.9700520833333334 0.5029342723004695 0.028645833333333332 0.08098591549295775
1 0.9091145833333333 0.47535211267605637 0.024479166666666666 0.09859154929577466
1 0.8755208333333333 0.38028169014084506 0.01875 0.08450704225352113
1 0.8856770833333333 0.3438967136150235 0.022395833333333334 0.07042253521126761
1 0.91015625 0.33685446009389675 0.01614583333333333 0.05868544600938967
4 0.20572916666666666 0.2517605633802817 0.11354166666666667 0.07629107981220658
4 0.7770833333333333 0.15316901408450703 0.05625 0.07863849765258216
2 0.76640625 0.23180751173708922 0.0421875 0.045774647887323945
2 0.8450520833333334 0.22124413145539906 0.03697916666666667 0.04107981220657277
2 0.8388020833333333 0.3397887323943662 0.044270833333333336 0.08568075117370892
2 0.8455729166666667 0.27523474178403756 0.03802083333333333 0.05985915492957747
2 0.8723958333333334 0.1960093896713615 0.034375 0.06807511737089202
2 0.5901041666666667 0.18896713615023475 0.06875 0.04460093896713615
2 0.7213541666666666 0.1602112676056338 0.04479166666666667 0.05516431924882629
