1 0.266667 0.360915 0.021875 0.057512
1 0.143750 0.434859 0.026042 0.064554
1 0.207031 0.658451 0.041146 0.117371
1 0.707552 0.392019 0.020313 0.086854
1 0.870833 0.457160 0.017708 0.080986
1 0.944271 0.525235 0.028125 0.097418
1 0.963281 0.687207 0.028646 0.134977
1 0.926562 0.419601 0.027083 0.085681
1 0.889062 0.362676 0.022917 0.079812
1 0.862760 0.312207 0.017188 0.049296
1 0.852344 0.392606 0.024479 0.080986
1 0.896875 0.306925 0.013542 0.048122
2 0.775260 0.165493 0.040104 0.058685
2 0.772396 0.727700 0.111458 0.190141
4 0.836719 0.223592 0.049479 0.130282
4 0.838021 0.218897 0.051042 0.146714
