1 0.711198 0.446009 0.026562 0.093897
1 0.612760 0.458333 0.027604 0.092723
1 0.621615 0.358568 0.023438 0.062207
1 0.241146 0.703052 0.045833 0.133803
1 0.190885 0.654343 0.049479 0.123239
1 0.277604 0.426643 0.039583 0.080986
1 0.121094 0.496479 0.038021 0.079812
1 0.850000 0.482394 0.033333 0.098592
1 0.886458 0.428991 0.030208 0.092723
1 0.934635 0.423709 0.027604 0.089202
1 0.867188 0.328052 0.021875 0.073944
2 0.651302 0.604460 0.088021 0.161972
2 0.728646 0.363850 0.061458 0.086854
2 0.829688 0.404343 0.055208 0.102113
2 0.860677 0.627347 0.063021 0.172535
2 0.823698 0.305751 0.051562 0.083333
