1 0.715625 0.377934 0.026042 0.103286
1 0.658594 0.305164 0.028646 0.079812
1 0.834635 0.589789 0.035937 0.116197
1 0.824740 0.840962 0.049479 0.144366
1 0.931771 0.812207 0.052083 0.161972
1 0.978125 0.767606 0.043750 0.157277
1 0.897656 0.538732 0.038021 0.122066
1 0.923177 0.410211 0.027604 0.102113
1 0.856771 0.404343 0.028125 0.099765
1 0.717708 0.262911 0.018750 0.075117
3 0.820573 0.246479 0.054688 0.180751
2 0.576302 0.798709 0.121354 0.238263
2 0.458594 0.590376 0.122396 0.185446
2 0.590625 0.413146 0.059375 0.126761
2 0.788281 0.453638 0.060937 0.111502
