1 0.832812 0.507042 0.023958 0.098592
1 0.861458 0.436620 0.023958 0.098592
1 0.930208 0.438380 0.023958 0.102113
1 0.733333 0.463615 0.023958 0.089202
1 0.750521 0.407277 0.019792 0.107981
1 0.785156 0.310446 0.017188 0.059859
1 0.756510 0.339202 0.020313 0.075117
1 0.733854 0.362089 0.014583 0.088028
1 0.812500 0.445423 0.020833 0.106808
1 0.838281 0.361502 0.011979 0.082160
1 0.881510 0.865023 0.041146 0.112676
1 0.852083 0.302230 0.021875 0.073944
1 0.872396 0.276995 0.016667 0.068075
1 0.922656 0.309859 0.021354 0.068075
1 0.754427 0.284038 0.016146 0.061033
2 0.616927 0.616784 0.084896 0.191315
2 0.232292 0.731221 0.090625 0.187793
2 0.645052 0.865610 0.129688 0.137324
3 0.725000 0.238263 0.048958 0.091549
