1 0.21041666666666667 0.57981220657277 0.03333333333333333 0.06807511737089202
1 0.7994791666666666 0.33098591549295775 0.01875 0.06572769953051644
1 0.8893229166666666 0.5757042253521127 0.021354166666666667 0.09272300469483569
1 0.9041666666666667 0.4694835680751174 0.01875 0.08215962441314555
1 0.7776041666666667 0.2505868544600939 0.011458333333333333 0.05516431924882629
1 0.8106770833333333 0.2476525821596244 0.0171875 0.04460093896713615
1 0.8979166666666667 0.380868544600939 0.014583333333333334 0.05985915492957747
1 0.9393229166666667 0.42312206572769956 0.0171875 0.06924882629107981
1 0.8846354166666667 0.31572769953051644 0.01614583333333333 0.0539906103286385
2 0.83671875 0.301056338028169 0.04010416666666666 0.05751173708920188
2 0.728125 0.26173708920187794 0.04895833333333333 0.056338028169014086
2 0.6690104166666666 0.3427230046948357 0.0671875 0.08450704225352113
2 0.8518229166666667 0.24295774647887325 0.03802083333333333 0.06807511737089202
4 0.34088541666666666 0.7646713615023474 0.18489583333333334 0.29225352112676056
