1 0.7958333333333333 0.323943661971831 0.014583333333333334 0.07042253521126761
1 0.8854166666666666 0.568075117370892 0.01875 0.07746478873239437
1 0.9018229166666667 0.465962441314554 0.015104166666666667 0.07981220657276995
1 0.9408854166666667 0.41607981220657275 0.0109375 0.06690140845070423
1 0.896875 0.3873239436619718 0.019791666666666666 0.07042253521126761
1 0.8830729166666667 0.31220657276995306 0.013020833333333334 0.06572769953051644
1 0.90703125 0.22476525821596244 0.015104166666666667 0.04812206572769953
1 0.21302083333333333 0.5651408450704225 0.03854166666666667 0.08568075117370892
1 0.11015625 0.3873239436619718 0.024479166666666666 0.046948356807511735
1 0.15494791666666666 0.2875586854460094 0.0265625 0.04460093896713615
1 0.37447916666666664 0.2353286384976526 0.022916666666666665 0.04107981220657277
1 0.7783854166666666 0.25528169014084506 0.008854166666666666 0.05516431924882629
1 0.8067708333333333 0.24647887323943662 0.011458333333333333 0.04225352112676056
4 0.34010416666666665 0.767018779342723 0.190625 0.2711267605633803
2 0.8341145833333333 0.2992957746478873 0.04010416666666666 0.06338028169014084
2 0.6645833333333333 0.33039906103286387 0.042708333333333334 0.062206572769953054
2 0.7263020833333333 0.25938967136150237 0.049479166666666664 0.056338028169014086
2 0.8536458333333333 0.23767605633802819 0.03229166666666666 0.04812206572769953
