1 0.2359375 0.505868544600939 0.03125 0.07981220657276995
1 0.17630208333333333 0.5545774647887324 0.022395833333333334 0.0715962441314554
1 0.19010416666666666 0.6748826291079812 0.026041666666666668 0.09389671361502347
1 0.28359375 0.7142018779342724 0.0265625 0.13028169014084506
1 0.5372395833333333 0.47007042253521125 0.022395833333333334 0.09741784037558686
1 0.6328125 0.5845070422535211 0.030208333333333334 0.10328638497652583
1 0.70625 0.7083333333333334 0.03333333333333333 0.13262910798122066
1 0.8979166666666667 0.8210093896713615 0.030208333333333334 0.1255868544600939
1 0.9322916666666666 0.6643192488262911 0.026041666666666668 0.09859154929577466
1 0.96328125 0.4982394366197183 0.024479166666666666 0.1091549295774648
1 0.8309895833333333 0.4800469483568075 0.022395833333333334 0.07746478873239437
1 0.7734375 0.3755868544600939 0.020833333333333332 0.06103286384976526
1 0.7666666666666666 0.29636150234741787 0.016666666666666666 0.05046948356807512
1 0.9036458333333334 0.3785211267605634 0.02395833333333333 0.06690140845070423
1 0.89609375 0.2834507042253521 0.018229166666666668 0.06924882629107981
1 0.7682291666666666 0.22887323943661972 0.010416666666666666 0.04460093896713615
1 0.7986979166666667 0.24002347417840375 0.0140625 0.045774647887323945
1 0.6677083333333333 0.2693661971830986 0.011458333333333333 0.04812206572769953
2 0.61484375 0.36502347417840375 0.049479166666666664 0.08215962441314555
2 0.7104166666666667 0.29577464788732394 0.041666666666666664 0.07746478873239437
2 0.8270833333333333 0.3098591549295775 0.04583333333333333 0.08685446009389672
2 0.85546875 0.20833333333333334 0.030729166666666665 0.06455399061032864
