1 0.23671875 0.49589201877934275 0.028645833333333332 0.08333333333333333
1 0.17369791666666667 0.5575117370892019 0.03177083333333333 0.07746478873239437
1 0.19322916666666667 0.6690140845070423 0.025 0.0892018779342723
1 0.2875 0.715962441314554 0.034375 0.11267605633802817
1 0.63359375 0.5809859154929577 0.0265625 0.09859154929577466
1 0.7044270833333334 0.6960093896713615 0.025520833333333333 0.09859154929577466
1 0.8947916666666667 0.818075117370892 0.03229166666666666 0.11737089201877934
1 0.9338541666666667 0.6813380281690141 0.027083333333333334 0.11150234741784038
1 0.9572916666666667 0.4894366197183099 0.016666666666666666 0.07511737089201878
1 0.8296875 0.4835680751173709 0.015625 0.09154929577464789
1 0.7734375 0.3744131455399061 0.0125 0.06338028169014084
1 0.9026041666666667 0.3703051643192488 0.016666666666666666 0.07863849765258216
1 0.6708333333333333 0.2664319248826291 0.0125 0.0539906103286385
2 0.5606770833333333 0.19953051643192488 0.0671875 0.03990610328638498
2 0.615625 0.35563380281690143 0.06458333333333333 0.08215962441314555
2 0.7143229166666667 0.2975352112676056 0.044270833333333336 0.05516431924882629
2 0.8255208333333334 0.29870892018779344 0.05520833333333333 0.07629107981220658
2 0.8526041666666666 0.1983568075117371 0.03333333333333333 0.04225352112676056
4 0.29921875 0.24647887323943662 0.09947916666666666 0.06572769953051644
