1 0.8953125 0.5880281690140845 0.029166666666666667 0.107981220657277
1 0.8984375 0.8104460093896714 0.025 0.11619718309859155
1 0.9067708333333333 0.4301643192488263 0.022916666666666665 0.0903755868544601
1 0.8473958333333333 0.2852112676056338 0.013541666666666667 0.046948356807511735
1 0.90703125 0.3034037558685446 0.013020833333333334 0.06455399061032864
1 0.8937499999999999 0.19190140845070422 0.008333333333333333 0.04342723004694836
1 0.83828125 0.1625586854460094 0.008854166666666666 0.03873239436619719
1 0.859375 0.1467136150234742 0.008333333333333333 0.028169014084507043
1 0.8166666666666667 0.16490610328638497 0.010416666666666666 0.029342723004694836
2 0.6671875 0.522887323943662 0.065625 0.1467136150234742
2 0.7979166666666666 0.46068075117370894 0.07916666666666666 0.12089201877934272
2 0.7158854166666666 0.7723004694835681 0.1390625 0.22300469483568075
2 0.47994791666666664 0.22007042253521128 0.058854166666666666 0.06455399061032864
2 0.3268229166666667 0.2505868544600939 0.08385416666666666 0.062206572769953054
2 0.14765625 0.2916666666666667 0.058854166666666666 0.06924882629107981
2 0.11458333333333333 0.42488262910798125 0.05 0.07042253521126761
