1 0.8158854166666667 0.17194835680751175 0.013020833333333334 0.03873239436619719
1 0.8408854166666666 0.16725352112676056 0.008854166666666666 0.029342723004694836
1 0.8588541666666667 0.15082159624413147 0.009375 0.03873239436619719
1 0.8942708333333333 0.19542253521126762 0.011458333333333333 0.04812206572769953
1 0.9140625 0.19190140845070422 0.013541666666666667 0.045774647887323945
1 0.84609375 0.289906103286385 0.0140625 0.0539906103286385
1 0.9088541666666666 0.30633802816901406 0.01875 0.07746478873239437
1 0.9106770833333333 0.4395539906103286 0.0171875 0.09272300469483569
1 0.8963541666666667 0.5827464788732395 0.026041666666666668 0.11150234741784038
1 0.9 0.8145539906103286 0.028125 0.15492957746478875
2 0.7955729166666666 0.45598591549295775 0.05677083333333333 0.13497652582159625
2 0.671875 0.5381455399061033 0.06666666666666667 0.11619718309859155
2 0.7052083333333333 0.7734741784037559 0.103125 0.19953051643192488
2 0.1515625 0.306924882629108 0.065625 0.05985915492957747
2 0.10755208333333333 0.4348591549295775 0.058854166666666666 0.08098591549295775
2 0.33359375 0.24941314553990612 0.07135416666666666 0.04342723004694836
2 0.48125 0.21185446009389672 0.05625 0.06924882629107981
