1 0.26588541666666665 0.5346244131455399 0.030729166666666665 0.0903755868544601
1 0.2747395833333333 0.4935446009389671 0.028645833333333332 0.0903755868544601
1 0.8393229166666667 0.7816901408450705 0.05572916666666666 0.14553990610328638
1 0.8820312499999999 0.6772300469483569 0.027604166666666666 0.11737089201877934
1 0.9458333333333333 0.5434272300469484 0.027083333333333334 0.1267605633802817
1 0.92734375 0.44659624413145543 0.0171875 0.09976525821596244
1 0.9434895833333333 0.38967136150234744 0.015104166666666667 0.09389671361502347
2 0.23333333333333334 0.6836854460093897 0.07708333333333334 0.16079812206572772
2 0.33567708333333335 0.8415492957746479 0.15677083333333333 0.1431924882629108
2 0.63671875 0.818075117370892 0.12447916666666667 0.17605633802816903
2 0.15026041666666667 0.4847417840375587 0.06927083333333334 0.08450704225352113
2 0.7588541666666666 0.5933098591549296 0.078125 0.15375586854460094
2 0.76015625 0.36737089201877937 0.04635416666666667 0.09624413145539906
2 0.7776041666666667 0.20774647887323944 0.036458333333333336 0.06103286384976526
4 0.8505208333333333 0.3544600938967136 0.046875 0.12441314553990611
4 0.8559895833333333 0.24530516431924884 0.0390625 0.09624413145539906
