1 0.7283854166666667 0.3755868544600939 0.01614583333333333 0.06807511737089202
1 0.7067708333333333 0.6813380281690141 0.022916666666666665 0.11854460093896714
1 0.6330729166666667 0.7541079812206573 0.030729166666666665 0.142018779342723
1 0.8934895833333333 0.806924882629108 0.0296875 0.11619718309859155
1 0.9723958333333333 0.6549295774647887 0.02395833333333333 0.1267605633802817
1 0.9471354166666667 0.5187793427230047 0.018229166666666668 0.08450704225352113
1 0.91875 0.45598591549295775 0.01875 0.07863849765258216
1 0.8950520833333333 0.3767605633802817 0.015104166666666667 0.07042253521126761
1 0.89140625 0.3004694835680751 0.015104166666666667 0.06103286384976526
1 0.8468749999999999 0.2541079812206573 0.011458333333333333 0.06690140845070423
2 0.23671875 0.585093896713615 0.057812499999999996 0.12089201877934272
2 0.08984375 0.43603286384976525 0.0421875 0.0528169014084507
2 0.78828125 0.5539906103286385 0.06302083333333333 0.13849765258215962
2 0.8156249999999999 0.3761737089201878 0.05416666666666667 0.07629107981220658
2 0.7276041666666666 0.2746478873239437 0.04895833333333333 0.07981220657276995
2 0.8330729166666666 0.20715962441314553 0.027604166666666666 0.04342723004694836
2 0.8768229166666667 0.17781690140845072 0.01614583333333333 0.03873239436619719
1 0.271875 0.4665492957746479 0.028125 0.05985915492957747
1 0.22942708333333334 0.7306338028169014 0.033854166666666664 0.1068075117370892
1 0.15989583333333332 0.38204225352112675 0.026041666666666668 0.06690140845070423
