1 0.8559895833333333 0.31338028169014087 0.013020833333333334 0.06807511737089202
1 0.903125 0.3620892018779343 0.015625 0.06455399061032864
1 0.9216145833333333 0.40962441314553993 0.011979166666666666 0.07511737089201878
1 0.9388020833333334 0.47535211267605637 0.01614583333333333 0.07511737089201878
1 0.9005208333333333 0.5639671361502347 0.016666666666666666 0.09507042253521127
1 0.8950520833333333 0.7687793427230047 0.022395833333333334 0.1619718309859155
2 0.7166666666666667 0.26760563380281693 0.03333333333333333 0.06572769953051644
2 0.7861979166666666 0.18896713615023475 0.0296875 0.04460093896713615
2 0.7611979166666667 0.17312206572769953 0.021354166666666667 0.03873239436619719
2 0.21223958333333334 0.7001173708920188 0.07447916666666667 0.15375586854460094
4 0.8036458333333333 0.3573943661971831 0.05520833333333333 0.13732394366197184
4 0.13828125 0.4113849765258216 0.09739583333333333 0.13028169014084506
3 0.72109375 0.5897887323943662 0.1265625 0.26173708920187794
4 0.8455729166666667 0.2130281690140845 0.0640625 0.09507042253521127
