3 0.6856770833333333 0.32805164319248825 0.10260416666666666 0.1983568075117371
3 0.8377604166666667 0.12030516431924883 0.0515625 0.08098591549295775
2 0.7864583333333334 0.43720657276995306 0.075 0.1255868544600939
2 0.76953125 0.22476525821596244 0.043229166666666666 0.0528169014084507
1 0.3098958333333333 0.6302816901408451 0.02395833333333333 0.12910798122065728
1 0.16119791666666666 0.8139671361502347 0.033854166666666664 0.13497652582159625
1 0.6911458333333333 0.7335680751173709 0.027083333333333334 0.12441314553990611
1 0.8330729166666666 0.5751173708920188 0.028645833333333332 0.09624413145539906
1 0.9395833333333333 0.573943661971831 0.029166666666666667 0.12206572769953052
1 0.8622395833333333 0.33861502347417843 0.024479166666666666 0.07629107981220658
1 0.8661458333333333 0.215962441314554 0.014583333333333334 0.04929577464788733
4 0.2989583333333333 0.23826291079812206 0.10625 0.06338028169014084
