1 0.8536458333333333 0.30927230046948356 0.017708333333333333 0.062206572769953054
1 0.9036458333333334 0.3591549295774648 0.026041666666666668 0.06103286384976526
1 0.9216145833333333 0.4113849765258216 0.015104166666666667 0.0715962441314554
1 0.9395833333333333 0.4853286384976526 0.022916666666666665 0.09507042253521127
1 0.8984375 0.5622065727699531 0.019791666666666666 0.09859154929577466
1 0.8927083333333333 0.7546948356807512 0.028125 0.14084507042253522
2 0.72265625 0.2546948356807512 0.033854166666666664 0.06338028169014084
2 0.7856770833333333 0.18838028169014084 0.0328125 0.05751173708920188
2 0.7651041666666667 0.17077464788732394 0.016666666666666666 0.029342723004694836
2 0.8307291666666666 0.13204225352112675 0.019791666666666666 0.04107981220657277
2 0.8609375 0.125 0.015625 0.029342723004694836
2 0.21744791666666666 0.698943661971831 0.0828125 0.18427230046948356
3 0.7278645833333334 0.5639671361502347 0.1203125 0.2359154929577465
4 0.8057291666666666 0.35563380281690143 0.05520833333333333 0.1596244131455399
4 0.14817708333333332 0.4178403755868545 0.1203125 0.1431924882629108
