1 0.8630208333333333 0.6666666666666666 0.027083333333333334 0.11032863849765258
1 0.9330729166666667 0.6338028169014085 0.022395833333333334 0.1056338028169014
1 0.9161458333333333 0.4823943661971831 0.019791666666666666 0.09154929577464789
1 0.9341145833333333 0.38380281690140844 0.01614583333333333 0.07276995305164319
1 0.70078125 0.26760563380281693 0.0203125 0.0539906103286385
1 0.7434895833333334 0.22359154929577466 0.0140625 0.03403755868544601
1 0.1984375 0.49589201877934275 0.029166666666666667 0.06690140845070423
2 0.7630208333333334 0.3204225352112676 0.040625 0.09624413145539906
2 0.7921875 0.23180751173708922 0.03125 0.04107981220657277
2 0.8700520833333333 0.23884976525821597 0.0484375 0.06455399061032864
2 0.8216145833333334 0.2717136150234742 0.03697916666666667 0.06455399061032864
2 0.1765625 0.8233568075117371 0.125 0.1772300469483568
3 0.6627604166666666 0.3767605633802817 0.0765625 0.13849765258215962
