1 0.28046875 0.5322769953051644 0.034895833333333334 0.09507042253521127
1 0.2546875 0.42136150234741787 0.025 0.06572769953051644
1 0.196875 0.4242957746478873 0.029166666666666667 0.062206572769953054
1 0.14401041666666667 0.517018779342723 0.03802083333333333 0.09507042253521127
1 0.7447916666666666 0.3550469483568075 0.020833333333333332 0.05985915492957747
1 0.7815104166666667 0.2946009389671362 0.0140625 0.06338028169014084
1 0.9411458333333333 0.5246478873239436 0.020833333333333332 0.12206572769953052
1 0.9578125 0.7200704225352113 0.027083333333333334 0.11619718309859155
1 0.9244791666666666 0.4395539906103286 0.010416666666666666 0.036384976525821594
1 0.9080729166666667 0.3233568075117371 0.013020833333333334 0.05985915492957747
2 0.78125 0.8315727699530516 0.1 0.1795774647887324
2 0.7895833333333333 0.14553990610328638 0.03854166666666667 0.07042253521126761
4 0.5265625 0.528755868544601 0.13125 0.27816901408450706
4 0.7247395833333333 0.29225352112676056 0.04739583333333333 0.07981220657276995
4 0.8502604166666666 0.3174882629107981 0.0734375 0.1467136150234742
4 0.7473958333333334 0.1625586854460094 0.059375 0.08333333333333333
