1 0.24765625 0.42370892018779344 0.025520833333333333 0.06103286384976526
1 0.7963541666666667 0.5258215962441315 0.026041666666666668 0.10093896713615023
1 0.8619791666666666 0.5387323943661972 0.025 0.07746478873239437
1 0.9260416666666667 0.7652582159624414 0.02395833333333333 0.11032863849765258
1 0.9072916666666666 0.43427230046948356 0.020833333333333332 0.06807511737089202
1 0.8848958333333333 0.375 0.016666666666666666 0.06455399061032864
1 0.77578125 0.31514084507042256 0.0140625 0.05046948356807512
1 0.7869791666666667 0.26467136150234744 0.015625 0.05046948356807512
1 0.7966145833333333 0.2130281690140845 0.0109375 0.03403755868544601
1 0.8869791666666667 0.29870892018779344 0.015625 0.062206572769953054
1 0.890625 0.2312206572769953 0.010416666666666666 0.03990610328638498
2 0.17916666666666667 0.4841549295774648 0.08333333333333333 0.07629107981220658
2 0.7028645833333333 0.34976525821596244 0.05677083333333333 0.06807511737089202
2 0.8265625 0.22946009389671362 0.03854166666666667 0.0528169014084507
2 0.8450520833333334 0.1971830985915493 0.03802083333333333 0.04225352112676056
2 0.19947916666666665 0.7852112676056339 0.15208333333333332 0.2605633802816901
3 0.7252604166666666 0.24471830985915494 0.05677083333333333 0.09741784037558686
4 0.6609375 0.255868544600939 0.04791666666666666 0.11502347417840376
4 0.6270833333333333 0.6226525821596244 0.15208333333333332 0.3345070422535211
