1 0.24817708333333333 0.42136150234741787 0.028645833333333332 0.04929577464788733
1 0.7979166666666666 0.5205399061032864 0.02395833333333333 0.10211267605633803
1 0.8583333333333333 0.5328638497652582 0.027083333333333334 0.11502347417840376
1 0.92265625 0.7505868544600939 0.025520833333333333 0.12323943661971831
1 0.9067708333333333 0.443075117370892 0.022916666666666665 0.07394366197183098
1 0.8859374999999999 0.37265258215962443 0.01875 0.07629107981220658
1 0.8869791666666667 0.29401408450704225 0.016666666666666666 0.06455399061032864
1 0.7763020833333333 0.3163145539906103 0.018229166666666668 0.06924882629107981
1 0.7872395833333333 0.2652582159624413 0.011979166666666666 0.03286384976525822
1 0.890625 0.22359154929577466 0.010416666666666666 0.05516431924882629
2 0.7067708333333333 0.34330985915492956 0.06354166666666666 0.08802816901408451
2 0.8296875 0.22946009389671362 0.036458333333333336 0.05516431924882629
4 0.6247395833333333 0.6302816901408451 0.14114583333333333 0.3098591549295775
4 0.65859375 0.26760563380281693 0.049479166666666664 0.107981220657277
3 0.7296875 0.24119718309859156 0.05416666666666667 0.09741784037558686
2 0.7833333333333333 0.18309859154929578 0.046875 0.05868544600938967
2 0.21302083333333333 0.7552816901408451 0.15 0.24295774647887325
2 0.17786458333333333 0.4706572769953052 0.0890625 0.08450704225352113
