1 0.8338541666666667 0.3544600938967136 0.01875 0.07981220657276995
1 0.85625 0.3198356807511737 0.01875 0.0715962441314554
1 0.9013020833333333 0.3444835680751174 0.01614583333333333 0.06924882629107981
1 0.8984375 0.4442488262910798 0.019791666666666666 0.07394366197183098
1 0.9203125 0.5663145539906104 0.03125 0.11619718309859155
1 0.97890625 0.6549295774647887 0.03697916666666667 0.12206572769953052
1 0.2864583333333333 0.7640845070422535 0.053125 0.10093896713615023
1 0.66171875 0.38791079812206575 0.015104166666666667 0.08568075117370892
1 0.690625 0.3192488262910798 0.01875 0.06338028169014084
1 0.11223958333333334 0.4272300469483568 0.025520833333333333 0.06103286384976526
2 0.7846354166666667 0.5780516431924883 0.08802083333333333 0.1772300469483568
2 0.7473958333333334 0.1813380281690141 0.04895833333333333 0.06690140845070423
2 0.23411458333333332 0.5240610328638498 0.0671875 0.09507042253521127
4 0.7505208333333333 0.3626760563380282 0.084375 0.16901408450704225
4 0.8 0.25234741784037557 0.057291666666666664 0.11267605633802817
4 0.85390625 0.22124413145539906 0.049479166666666664 0.09272300469483569
4 0.7973958333333333 0.15082159624413147 0.052083333333333336 0.08568075117370892
