1 0.30703125 0.7969483568075117 0.04114583333333333 0.12206572769953052
1 0.23255208333333333 0.7658450704225352 0.0421875 0.10211267605633803
1 0.22760416666666666 0.647887323943662 0.03333333333333333 0.09389671361502347
1 0.20416666666666666 0.5011737089201878 0.020833333333333332 0.051643192488262914
1 0.8153645833333333 0.38673708920187794 0.0203125 0.062206572769953054
1 0.8713541666666667 0.4483568075117371 0.022916666666666665 0.07276995305164319
1 0.9151041666666666 0.44190140845070425 0.020833333333333332 0.09741784037558686
1 0.94375 0.6050469483568075 0.017708333333333333 0.10446009389671362
1 0.7997395833333333 0.3022300469483568 0.01614583333333333 0.05751173708920188
1 0.765625 0.2875586854460094 0.016666666666666666 0.04225352112676056
1 0.78359375 0.232981220657277 0.013020833333333334 0.036384976525821594
1 0.8986979166666667 0.2992957746478873 0.0171875 0.06338028169014084
1 0.8765625 0.3227699530516432 0.013541666666666667 0.04929577464788733
1 0.9841145833333333 0.7470657276995305 0.030729166666666665 0.13028169014084506
2 0.6901041666666666 0.3791079812206573 0.04895833333333333 0.09624413145539906
2 0.7408854166666666 0.5580985915492958 0.06510416666666667 0.11384976525821597
2 0.77578125 0.7793427230046949 0.10885416666666667 0.20422535211267606
2 0.6890625 0.22593896713615025 0.036458333333333336 0.05751173708920188
2 0.7361979166666667 0.2347417840375587 0.04739583333333333 0.056338028169014086
4 0.5208333333333334 0.4102112676056338 0.08645833333333333 0.19131455399061034
