1 0.5744791666666667 0.6731220657276995 0.020833333333333332 0.08333333333333333
1 0.6434895833333333 0.5616197183098591 0.028645833333333332 0.0903755868544601
1 0.7552083333333334 0.5815727699530516 0.022916666666666665 0.07629107981220658
1 0.7979166666666666 0.6508215962441315 0.03333333333333333 0.1279342723004695
1 0.9182291666666667 0.6830985915492958 0.026041666666666668 0.1056338028169014
1 0.9752604166666666 0.5944835680751174 0.027604166666666666 0.1091549295774648
1 0.9203125 0.5528169014084507 0.02395833333333333 0.09154929577464789
1 0.8919270833333334 0.4859154929577465 0.0265625 0.08450704225352113
1 0.9645833333333333 0.46009389671361506 0.021875 0.09154929577464789
1 0.9276041666666667 0.39730046948356806 0.02395833333333333 0.062206572769953054
1 0.8807291666666667 0.392018779342723 0.019791666666666666 0.06807511737089202
1 0.88359375 0.3163145539906103 0.0171875 0.05046948356807512
1 0.43723958333333335 0.4876760563380282 0.04114583333333333 0.11150234741784038
1 0.37057291666666664 0.5017605633802817 0.027604166666666666 0.07629107981220658
1 0.36875 0.6214788732394366 0.03333333333333333 0.10211267605633803
1 0.28802083333333334 0.4835680751173709 0.026041666666666668 0.06807511737089202
1 0.13333333333333333 0.45539906103286387 0.01875 0.06807511737089202
2 0.2747395833333333 0.664906103286385 0.08072916666666667 0.11150234741784038
2 0.6518229166666667 0.8309859154929577 0.12135416666666667 0.14788732394366197
2 0.821875 0.42488262910798125 0.051041666666666666 0.12441314553990611
2 0.8541666666666666 0.24119718309859156 0.046875 0.06455399061032864
2 0.8296875 0.20833333333333334 0.030208333333333334 0.05046948356807512
2 0.7690104166666667 0.1807511737089202 0.04010416666666666 0.0539906103286385
2 0.5802083333333333 0.3485915492957747 0.07083333333333333 0.11737089201877934
2 0.17734375 0.8785211267605634 0.14114583333333333 0.0903755868544601
