1 0.28463541666666664 0.4876760563380282 0.027604166666666666 0.08802816901408451
1 0.3677083333333333 0.6232394366197184 0.030208333333333334 0.07511737089201878
1 0.37005208333333334 0.5140845070422535 0.034895833333333334 0.06807511737089202
1 0.42994791666666665 0.49237089201877937 0.0390625 0.09272300469483569
1 0.14401041666666667 0.45892018779342725 0.043229166666666666 0.07746478873239437
1 0.5736979166666667 0.6684272300469484 0.025520833333333333 0.11384976525821597
1 0.6395833333333333 0.5663145539906104 0.03333333333333333 0.0903755868544601
1 0.7541666666666667 0.5880281690140845 0.026041666666666668 0.09389671361502347
1 0.7981770833333334 0.6461267605633803 0.0328125 0.13732394366197184
1 0.9197916666666667 0.6654929577464789 0.025 0.12206572769953052
1 0.9140625 0.5440140845070423 0.028125 0.10446009389671362
1 0.9744791666666667 0.5997652582159625 0.035416666666666666 0.09859154929577466
1 0.8898437499999999 0.47124413145539906 0.027604166666666666 0.09976525821596244
1 0.96484375 0.45481220657276994 0.0265625 0.09507042253521127
1 0.9338541666666667 0.4119718309859155 0.025 0.07981220657276995
1 0.8802083333333334 0.38204225352112675 0.02395833333333333 0.06690140845070423
1 0.8833333333333333 0.3221830985915493 0.013541666666666667 0.05751173708920188
2 0.7700520833333333 0.1784037558685446 0.043229166666666666 0.051643192488262914
2 0.8260416666666667 0.4166666666666667 0.052083333333333336 0.107981220657277
2 0.85625 0.24119718309859156 0.03125 0.06455399061032864
2 0.8260416666666667 0.19953051643192488 0.034375 0.06103286384976526
2 0.6580729166666667 0.8315727699530516 0.12447916666666667 0.15845070422535212
2 0.2877604166666667 0.6731220657276995 0.1015625 0.1396713615023474
2 0.5802083333333333 0.3544600938967136 0.07604166666666666 0.08215962441314555
2 0.17630208333333333 0.875 0.14322916666666666 0.09976525821596244
