1 0.9078125 0.5997652582159625 0.025 0.11032863849765258
1 0.84765625 0.7681924882629109 0.0296875 0.14906103286384978
1 0.6171875 0.6643192488262911 0.036458333333333336 0.09154929577464789
1 0.32135416666666666 0.443075117370892 0.03333333333333333 0.07394366197183098
1 0.2 0.33098591549295775 0.019791666666666666 0.04460093896713615
1 0.6458333333333334 0.2946009389671362 0.009375 0.04225352112676056
1 0.7890625 0.32922535211267606 0.0125 0.06924882629107981
1 0.871875 0.3967136150234742 0.01875 0.07042253521126761
1 0.8942708333333333 0.36737089201877937 0.011458333333333333 0.07511737089201878
2 0.18333333333333332 0.8450704225352113 0.11979166666666667 0.13145539906103287
2 0.20234375 0.4483568075117371 0.10677083333333333 0.08685446009389672
2 0.61328125 0.5328638497652582 0.07447916666666667 0.12910798122065728
2 0.7947916666666667 0.6073943661971831 0.08958333333333333 0.181924882629108
2 0.5622395833333333 0.8838028169014085 0.1359375 0.08215962441314555
2 0.73203125 0.29988262910798125 0.0515625 0.0903755868544601
2 0.8328125 0.1772300469483568 0.03333333333333333 0.06338028169014084
2 0.7473958333333334 0.19953051643192488 0.035416666666666666 0.04929577464788733
3 0.8588541666666667 0.29988262910798125 0.042708333333333334 0.11619718309859155
