1 0.28463541666666664 0.5134976525821596 0.027604166666666666 0.08098591549295775
1 0.17916666666666667 0.5334507042253521 0.027083333333333334 0.07394366197183098
1 0.29921875 0.7153755868544601 0.044270833333333336 0.13028169014084506
1 0.6557291666666667 0.40199530516431925 0.017708333333333333 0.0715962441314554
1 0.8057291666666666 0.29812206572769956 0.011458333333333333 0.06103286384976526
1 0.9096354166666667 0.40316901408450706 0.021354166666666667 0.07863849765258216
1 0.8760416666666666 0.4865023474178404 0.019791666666666666 0.07629107981220658
1 0.871875 0.6044600938967136 0.02395833333333333 0.10093896713615023
1 0.9015624999999999 0.5575117370892019 0.019791666666666666 0.09859154929577466
1 0.95703125 0.5892018779342724 0.028645833333333332 0.11267605633802817
1 0.8674479166666667 0.19248826291079812 0.0109375 0.051643192488262914
1 0.9515625 0.4301643192488263 0.019791666666666666 0.08568075117370892
2 0.7651041666666667 0.2857981220657277 0.041666666666666664 0.0903755868544601
2 0.7018229166666666 0.3362676056338028 0.0484375 0.09976525821596244
2 0.85 0.3744131455399061 0.06145833333333333 0.1056338028169014
2 0.7421875 0.1977699530516432 0.036458333333333336 0.03403755868544601
2 0.8442708333333333 0.2517605633802817 0.03854166666666667 0.06924882629107981
