1 0.7783854166666666 0.4964788732394366 0.025520833333333333 0.09624413145539906
1 0.82890625 0.6226525821596244 0.024479166666666666 0.09507042253521127
1 0.82890625 0.7629107981220657 0.0484375 0.107981220657277
1 0.8174479166666666 0.4196009389671362 0.019270833333333334 0.08098591549295775
1 0.9677083333333333 0.54518779342723 0.03125 0.09507042253521127
1 0.8544270833333333 0.3374413145539906 0.01614583333333333 0.07394366197183098
1 0.9083333333333333 0.2887323943661972 0.01875 0.06338028169014084
1 0.22864583333333333 0.8045774647887324 0.04375 0.11854460093896714
1 0.178125 0.744718309859155 0.0375 0.11150234741784038
1 0.20104166666666667 0.3392018779342723 0.014583333333333334 0.03755868544600939
2 0.8567708333333334 0.2347417840375587 0.03854166666666667 0.0539906103286385
2 0.81328125 0.18955399061032865 0.0265625 0.045774647887323945
2 0.7815104166666667 0.232981220657277 0.0421875 0.05751173708920188
2 0.77109375 0.3051643192488263 0.0453125 0.07042253521126761
2 0.28020833333333334 0.522887323943662 0.08229166666666667 0.09741784037558686
2 0.1296875 0.4536384976525822 0.07604166666666666 0.08333333333333333
4 0.7052083333333333 0.2112676056338028 0.06145833333333333 0.12206572769953052
4 0.49166666666666664 0.5651408450704225 0.125 0.19131455399061034
3 0.5997395833333333 0.6813380281690141 0.23697916666666666 0.46361502347417843
