1 0.20260416666666667 0.3415492957746479 0.015625 0.04225352112676056
1 0.19661458333333334 0.3949530516431925 0.03177083333333333 0.0715962441314554
1 0.24505208333333334 0.4242957746478873 0.022395833333333334 0.06924882629107981
1 0.275 0.45715962441314556 0.022916666666666665 0.07863849765258216
1 0.1609375 0.6514084507042254 0.034375 0.06338028169014084
1 0.5947916666666666 0.6907276995305165 0.035416666666666666 0.1255868544600939
1 0.63203125 0.5123239436619719 0.019270833333333334 0.09741784037558686
1 0.6841145833333333 0.36326291079812206 0.027604166666666666 0.062206572769953054
1 0.75625 0.29988262910798125 0.020833333333333332 0.06924882629107981
1 0.8015625 0.3004694835680751 0.021875 0.08215962441314555
1 0.79765625 0.5434272300469484 0.022395833333333334 0.1267605633802817
1 0.89453125 0.5293427230046949 0.027604166666666666 0.1056338028169014
1 0.8643229166666666 0.42488262910798125 0.018229166666666668 0.08215962441314555
1 0.94609375 0.42194835680751175 0.0171875 0.08568075117370892
1 0.96953125 0.5991784037558685 0.021354166666666667 0.12089201877934272
1 0.8338541666666667 0.7969483568075117 0.035416666666666666 0.15258215962441316
1 0.82421875 0.2511737089201878 0.0140625 0.0539906103286385
1 0.7825520833333334 0.2112676056338028 0.013020833333333334 0.03990610328638498
2 0.20520833333333333 0.562793427230047 0.07291666666666667 0.11384976525821597
2 0.14973958333333334 0.4735915492957747 0.06822916666666666 0.07394366197183098
3 0.80625 0.13615023474178403 0.06458333333333333 0.10328638497652583
4 0.8752604166666667 0.2505868544600939 0.05364583333333333 0.1068075117370892
