1 0.6830729166666667 0.35211267605633806 0.0171875 0.08215962441314555
1 0.6265625 0.5041079812206573 0.021875 0.09272300469483569
1 0.5950520833333334 0.6977699530516432 0.01614583333333333 0.12323943661971831
1 0.27578125 0.46361502347417843 0.022395833333333334 0.07746478873239437
1 0.23854166666666665 0.4225352112676056 0.020833333333333332 0.07042253521126761
1 0.18932291666666667 0.38204225352112675 0.0203125 0.05751173708920188
1 0.20182291666666666 0.340962441314554 0.009895833333333333 0.045774647887323945
1 0.1578125 0.6514084507042254 0.03958333333333333 0.07511737089201878
1 0.83359375 0.7852112676056339 0.0328125 0.1431924882629108
1 0.79765625 0.5334507042253521 0.0234375 0.09741784037558686
1 0.8924479166666667 0.5293427230046949 0.028645833333333332 0.11737089201877934
1 0.9703125 0.6062206572769954 0.026041666666666668 0.11150234741784038
1 0.8658854166666666 0.4272300469483568 0.01614583333333333 0.07746478873239437
1 0.9450520833333333 0.42194835680751175 0.019270833333333334 0.07629107981220658
1 0.8020833333333334 0.3028169014084507 0.014583333333333334 0.06572769953051644
1 0.7565104166666666 0.3004694835680751 0.01614583333333333 0.07042253521126761
1 0.8231770833333333 0.2535211267605634 0.011979166666666666 0.06103286384976526
1 0.8361979166666667 0.21713615023474178 0.009895833333333333 0.04225352112676056
2 0.7078125 0.15140845070422534 0.046875 0.03990610328638498
2 0.209375 0.5762910798122066 0.0875 0.09859154929577466
2 0.14583333333333334 0.47124413145539906 0.09166666666666666 0.08098591549295775
4 0.8721354166666666 0.24530516431924884 0.0453125 0.11502347417840376
3 0.8083333333333333 0.1473004694835681 0.0625 0.07863849765258216
