1 0.17630208333333333 0.534037558685446 0.03177083333333333 0.08450704225352113
1 0.13307291666666665 0.409037558685446 0.027604166666666666 0.0528169014084507
1 0.65546875 0.5839201877934272 0.028645833333333332 0.13497652582159625
1 0.6888020833333334 0.48826291079812206 0.024479166666666666 0.09389671361502347
1 0.7916666666666666 0.42077464788732394 0.025 0.07629107981220658
1 0.9205729166666666 0.4119718309859155 0.018229166666666668 0.12206572769953052
1 0.9549479166666667 0.5205399061032864 0.025520833333333333 0.08802816901408451
1 0.9307291666666666 0.687793427230047 0.02395833333333333 0.14788732394366197
1 0.8067708333333333 0.3380281690140845 0.016666666666666666 0.06103286384976526
2 0.7419270833333333 0.7717136150234742 0.0921875 0.21009389671361503
2 0.6192708333333333 0.43896713615023475 0.07291666666666667 0.09154929577464789
2 0.24817708333333333 0.7165492957746479 0.10677083333333333 0.16549295774647887
2 0.8786458333333333 0.18661971830985916 0.03854166666666667 0.056338028169014086
4 0.7583333333333333 0.26760563380281693 0.07395833333333333 0.1596244131455399
4 0.8697916666666666 0.3163145539906103 0.06979166666666667 0.16079812206572772
