1 0.465625 0.6778169014084507 0.035416666666666666 0.13028169014084506
1 0.5473958333333333 0.48826291079812206 0.02395833333333333 0.09859154929577466
1 0.840625 0.528169014084507 0.025 0.12441314553990611
1 0.890625 0.5088028169014085 0.029166666666666667 0.1091549295774648
1 0.9375 0.5123239436619719 0.022916666666666665 0.11384976525821597
1 0.9674479166666666 0.5944835680751174 0.0265625 0.1255868544600939
1 0.93046875 0.7200704225352113 0.033854166666666664 0.16314553990610328
1 0.8341145833333333 0.39260563380281693 0.01614583333333333 0.08802816901408451
1 0.8799479166666666 0.4072769953051643 0.0265625 0.08215962441314555
1 0.9143229166666667 0.3573943661971831 0.019270833333333334 0.0715962441314554
1 0.7609375 0.24061032863849766 0.016666666666666666 0.0539906103286385
1 0.6390625 0.25 0.010416666666666666 0.04225352112676056
1 0.8901041666666667 0.28931924882629106 0.009375 0.04812206572769953
1 0.24270833333333333 0.3080985915492958 0.036458333333333336 0.04812206572769953
2 0.7619791666666667 0.6003521126760564 0.08020833333333333 0.15375586854460094
2 0.8026041666666667 0.26173708920187794 0.0375 0.06103286384976526
2 0.7635416666666667 0.19542253521126762 0.03229166666666666 0.05046948356807512
2 0.7302083333333333 0.1473004694835681 0.04583333333333333 0.045774647887323945
2 0.6203125 0.18251173708920188 0.05625 0.04107981220657277
2 0.7372395833333333 0.3333333333333333 0.049479166666666664 0.107981220657277
4 0.6244791666666667 0.602112676056338 0.13541666666666666 0.3403755868544601
