1 0.24140625 0.31103286384976525 0.033854166666666664 0.04929577464788733
1 0.7731770833333333 0.8210093896713615 0.030729166666666665 0.15140845070422534
1 0.8666666666666667 0.7505868544600939 0.027083333333333334 0.1396713615023474
1 0.89453125 0.8761737089201879 0.033854166666666664 0.0903755868544601
1 0.965625 0.846830985915493 0.053125 0.17018779342723006
1 0.8231770833333333 0.6754694835680751 0.0234375 0.1443661971830986
1 0.890625 0.6502347417840376 0.022916666666666665 0.11737089201877934
1 0.9546875 0.6244131455399061 0.02395833333333333 0.09624413145539906
1 0.91953125 0.590962441314554 0.030729166666666665 0.11619718309859155
1 0.8697916666666666 0.5586854460093896 0.026041666666666668 0.10093896713615023
1 0.9473958333333333 0.5176056338028169 0.022916666666666665 0.10328638497652583
1 0.9533854166666667 0.4395539906103286 0.021354166666666667 0.07863849765258216
1 0.8270833333333333 0.4724178403755869 0.01875 0.10446009389671362
1 0.8466145833333333 0.45129107981220656 0.0203125 0.10211267605633803
1 0.8276041666666667 0.3943661971830986 0.015625 0.051643192488262914
1 0.7802083333333333 0.35093896713615025 0.015625 0.07511737089201878
1 0.7942708333333334 0.3345070422535211 0.017708333333333333 0.07981220657276995
1 0.8265625 0.3227699530516432 0.01875 0.056338028169014086
1 0.8731770833333333 0.30633802816901406 0.0140625 0.056338028169014086
1 0.8033854166666666 0.2652582159624413 0.0140625 0.05868544600938967
1 0.7622395833333333 0.24413145539906103 0.0140625 0.046948356807511735
2 0.7106770833333333 0.32629107981220656 0.03697916666666667 0.08450704225352113
2 0.771875 0.46009389671361506 0.0625 0.11737089201877934
2 0.71328125 0.6919014084507042 0.08489583333333334 0.16549295774647887
2 0.5888020833333333 0.5704225352112676 0.0828125 0.1596244131455399
2 0.13072916666666667 0.42370892018779344 0.06666666666666667 0.12441314553990611
2 0.3169270833333333 0.835680751173709 0.20260416666666667 0.20657276995305165
