1 0.8203125 0.6696009389671361 0.03229166666666666 0.13028169014084506
1 0.8664062499999999 0.7593896713615024 0.027604166666666666 0.13380281690140847
1 0.7744791666666666 0.8268779342723005 0.042708333333333334 0.15140845070422534
1 0.8955729166666666 0.8773474178403756 0.044270833333333336 0.07863849765258216
1 0.9619791666666666 0.8433098591549296 0.052083333333333336 0.13732394366197184
1 0.88671875 0.6414319248826291 0.024479166666666666 0.11619718309859155
1 0.9205729166666666 0.5839201877934272 0.019270833333333334 0.10211267605633803
1 0.9588541666666667 0.6232394366197184 0.025 0.1056338028169014
1 0.9463541666666666 0.5099765258215962 0.026041666666666668 0.08098591549295775
1 0.9549479166666667 0.43427230046948356 0.021354166666666667 0.06103286384976526
1 0.8703124999999999 0.5563380281690141 0.026041666666666668 0.0892018779342723
1 0.8286458333333333 0.471830985915493 0.01875 0.07746478873239437
1 0.8450520833333334 0.45833333333333337 0.018229166666666668 0.09272300469483569
1 0.8296875 0.3996478873239437 0.017708333333333333 0.05516431924882629
1 0.7791666666666667 0.3597417840375587 0.022916666666666665 0.07863849765258216
1 0.7953125 0.3315727699530516 0.01875 0.06924882629107981
1 0.8057291666666666 0.2711267605633803 0.009375 0.03755868544600939
1 0.8744791666666667 0.3039906103286385 0.011458333333333333 0.06338028169014084
1 0.8312499999999999 0.34624413145539906 0.022916666666666665 0.07276995305164319
1 0.9109375 0.3080985915492958 0.016666666666666666 0.05751173708920188
2 0.7106770833333333 0.3286384976525822 0.057812499999999996 0.07981220657276995
2 0.77265625 0.45598591549295775 0.05364583333333333 0.10446009389671362
2 0.7122395833333334 0.6807511737089202 0.0765625 0.15258215962441316
2 0.5942708333333333 0.5809859154929577 0.08541666666666667 0.13615023474178403
2 0.12604166666666666 0.4336854460093897 0.06354166666666666 0.05985915492957747
2 0.31223958333333335 0.835093896713615 0.2171875 0.1795774647887324
