1 0.24322916666666666 0.318075117370892 0.030208333333333334 0.056338028169014086
1 0.10963541666666667 0.4507042253521127 0.0265625 0.06807511737089202
1 0.18411458333333333 0.7335680751173709 0.04010416666666666 0.11032863849765258
1 0.5729166666666666 0.6285211267605634 0.029166666666666667 0.11619718309859155
1 0.7533854166666667 0.2687793427230047 0.021354166666666667 0.06807511737089202
1 0.7526041666666666 0.19542253521126762 0.014583333333333334 0.045774647887323945
1 0.9268229166666666 0.431924882629108 0.025520833333333333 0.08450704225352113
1 0.9447916666666667 0.8609154929577465 0.04791666666666666 0.12089201877934272
1 0.8734375 0.2323943661971831 0.016666666666666666 0.06572769953051644
1 0.8971354166666666 0.2734741784037559 0.015104166666666667 0.05868544600938967
2 0.628125 0.38438967136150237 0.06875 0.09272300469483569
2 0.8156249999999999 0.27523474178403756 0.04479166666666667 0.07863849765258216
2 0.81796875 0.23004694835680753 0.030729166666666665 0.06338028169014084
2 0.71171875 0.23708920187793428 0.0453125 0.07981220657276995
