1 0.20963541666666666 0.6889671361502347 0.033854166666666664 0.1267605633802817
1 0.24453125 0.32159624413145543 0.04010416666666666 0.04225352112676056
1 0.8796875 0.5780516431924883 0.027083333333333334 0.12323943661971831
1 0.92421875 0.5105633802816901 0.0296875 0.11737089201877934
1 0.8744791666666667 0.3597417840375587 0.020833333333333332 0.08098591549295775
1 0.8309895833333333 0.2875586854460094 0.0140625 0.06338028169014084
1 0.7361979166666667 0.2687793427230047 0.01614583333333333 0.07276995305164319
1 0.7705729166666666 0.22124413145539906 0.009895833333333333 0.05516431924882629
1 0.8513020833333333 0.2505868544600939 0.009895833333333333 0.05046948356807512
1 0.8705729166666667 0.24941314553990612 0.008854166666666666 0.062206572769953054
1 0.8833333333333333 0.23708920187793428 0.008333333333333333 0.04460093896713615
1 0.9065104166666667 0.24589201877934272 0.008854166666666666 0.04107981220657277
2 0.22786458333333334 0.5387323943661972 0.0640625 0.1056338028169014
2 0.23203125 0.4278169014084507 0.08072916666666667 0.09507042253521127
4 0.140625 0.3656103286384977 0.07291666666666667 0.11384976525821597
2 0.6802083333333333 0.36678403755868544 0.06875 0.09507042253521127
4 0.7833333333333333 0.7359154929577465 0.12708333333333333 0.29812206572769956
4 0.825 0.20539906103286384 0.04479166666666667 0.0892018779342723
