1 0.7111979166666667 0.4970657276995305 0.022395833333333334 0.11854460093896714
1 0.28828125 0.7857981220657277 0.03802083333333333 0.1279342723004695
1 0.1796875 0.5217136150234742 0.02395833333333333 0.06924882629107981
1 0.24479166666666666 0.30927230046948356 0.027083333333333334 0.045774647887323945
1 0.7580729166666667 0.19307511737089203 0.011979166666666666 0.04342723004694836
1 0.9052083333333333 0.4278169014084507 0.021875 0.07394366197183098
1 0.8705729166666667 0.34507042253521125 0.0234375 0.07042253521126761
1 0.8888020833333333 0.22887323943661972 0.011979166666666666 0.03990610328638498
1 0.8828125 0.1960093896713615 0.013541666666666667 0.03755868544600939
2 0.16510416666666666 0.45305164319248825 0.08333333333333333 0.07746478873239437
2 0.6513020833333333 0.28169014084507044 0.0421875 0.07276995305164319
2 0.834375 0.2153755868544601 0.036458333333333336 0.05985915492957747
4 0.7958333333333333 0.3744131455399061 0.05625 0.15023474178403756
2 0.20703125 0.6320422535211268 0.07760416666666667 0.1443661971830986
