1 0.7627604166666666 0.35035211267605637 0.015104166666666667 0.08098591549295775
1 0.83203125 0.40316901408450706 0.01614583333333333 0.08802816901408451
1 0.9315104166666667 0.6561032863849765 0.027604166666666666 0.14084507042253522
1 0.9453125 0.4706572769953052 0.021875 0.10093896713615023
1 0.8830729166666667 0.27875586854460094 0.015104166666666667 0.06924882629107981
1 0.8234374999999999 0.2323943661971831 0.011458333333333333 0.046948356807511735
2 0.22239583333333332 0.6208920187793427 0.07083333333333333 0.13380281690140847
2 0.30234375 0.49295774647887325 0.0921875 0.09859154929577466
4 0.12760416666666666 0.4724178403755869 0.07083333333333333 0.11150234741784038
4 0.490625 0.18896713615023475 0.09479166666666666 0.11267605633802817
