1 0.7109375 0.4906103286384977 0.02395833333333333 0.1056338028169014
1 0.9075520833333334 0.4289906103286385 0.0171875 0.0903755868544601
1 0.8716145833333333 0.34917840375586856 0.019270833333333334 0.07629107981220658
1 0.8890625 0.23004694835680753 0.010416666666666666 0.04460093896713615
1 0.7580729166666667 0.18896713615023475 0.015104166666666667 0.046948356807511735
1 0.29322916666666665 0.7998826291079812 0.03229166666666666 0.11854460093896714
1 0.18072916666666666 0.5187793427230047 0.030208333333333334 0.07511737089201878
1 0.24114583333333334 0.3145539906103286 0.028125 0.051643192488262914
2 0.8273437499999999 0.21244131455399062 0.034895833333333334 0.05868544600938967
2 0.6614583333333334 0.27523474178403756 0.04375 0.06924882629107981
2 0.17994791666666665 0.45129107981220656 0.07552083333333333 0.08098591549295775
2 0.20911458333333333 0.6426056338028169 0.07864583333333333 0.1772300469483568
4 0.7950520833333333 0.380868544600939 0.05677083333333333 0.12323943661971831
4 0.7921875 0.2511737089201878 0.04479166666666667 0.0539906103286385
