1 0.7291666666666666 0.664906103286385 0.03229166666666666 0.11384976525821597
1 0.6549479166666666 0.6543427230046949 0.0296875 0.13262910798122066
1 0.3229166666666667 0.6355633802816901 0.035416666666666666 0.10446009389671362
1 0.19947916666666665 0.6889671361502347 0.035416666666666666 0.10093896713615023
1 0.14114583333333333 0.4859154929577465 0.026041666666666668 0.056338028169014086
1 0.71328125 0.4800469483568075 0.0171875 0.08450704225352113
1 0.8986979166666667 0.44190140845070425 0.021354166666666667 0.08568075117370892
1 0.9265625 0.42312206572769956 0.021875 0.09272300469483569
1 0.9411458333333333 0.5686619718309859 0.022916666666666665 0.08098591549295775
1 0.946875 0.7071596244131455 0.019791666666666666 0.11384976525821597
1 0.9588541666666667 0.5269953051643192 0.022916666666666665 0.1056338028169014
1 0.9692708333333333 0.4501173708920188 0.017708333333333333 0.06924882629107981
1 0.8903645833333333 0.3656103286384977 0.018229166666666668 0.07863849765258216
1 0.8997395833333334 0.32805164319248825 0.019270833333333334 0.05751173708920188
1 0.8708333333333333 0.29284037558685444 0.013541666666666667 0.05516431924882629
1 0.8627604166666667 0.24237089201877934 0.0171875 0.05751173708920188
2 0.6776041666666667 0.4084507042253521 0.06145833333333333 0.11971830985915494
2 0.7221354166666667 0.3227699530516432 0.044270833333333336 0.08685446009389672
2 0.7596354166666667 0.23826291079812206 0.030729166666666665 0.06807511737089202
2 0.7395833333333334 0.1789906103286385 0.04375 0.05751173708920188
4 0.5760416666666667 0.3620892018779343 0.07604166666666666 0.181924882629108
3 0.6002604166666666 0.5334507042253521 0.09635416666666667 0.2335680751173709
4 0.8328125 0.5311032863849765 0.096875 0.28286384976525825
4 0.8020833333333334 0.29107981220657275 0.052083333333333336 0.12441314553990611
4 0.8174479166666666 0.1965962441314554 0.04010416666666666 0.07629107981220658
2 0.8442708333333333 0.8362676056338029 0.11979166666666667 0.16549295774647887
