1 0.6263020833333334 0.8028169014084507 0.0296875 0.1431924882629108
1 0.3020833333333333 0.5616197183098591 0.027083333333333334 0.07863849765258216
1 0.30390625 0.47124413145539906 0.03177083333333333 0.08568075117370892
1 0.24505208333333334 0.31338028169014087 0.030729166666666665 0.046948356807511735
1 0.73671875 0.31338028169014087 0.015104166666666667 0.06338028169014084
1 0.821875 0.3221830985915493 0.014583333333333334 0.0715962441314554
1 0.8877604166666666 0.3444835680751174 0.019270833333333334 0.05985915492957747
1 0.8848958333333333 0.42136150234741787 0.016666666666666666 0.07511737089201878
1 0.9151041666666666 0.46361502347417843 0.019791666666666666 0.08685446009389672
1 0.8903645833333333 0.517018779342723 0.018229166666666668 0.09272300469483569
1 0.8747395833333333 0.6062206572769954 0.0234375 0.11150234741784038
1 0.9348958333333334 0.5868544600938967 0.028125 0.107981220657277
1 0.9361979166666666 0.7582159624413146 0.030729166666666665 0.1267605633802817
2 0.4822916666666667 0.6713615023474179 0.11562499999999999 0.15492957746478875
2 0.6583333333333333 0.2564553990610329 0.036458333333333336 0.06455399061032864
2 0.7223958333333333 0.2564553990610329 0.053125 0.07629107981220658
2 0.17005208333333333 0.5311032863849765 0.0765625 0.11384976525821597
2 0.19609375 0.40786384976525825 0.09010416666666667 0.08098591549295775
2 0.89453125 0.25234741784037557 0.0546875 0.07042253521126761
4 0.60859375 0.2863849765258216 0.06197916666666667 0.1596244131455399
4 0.12760416666666666 0.7946009389671361 0.24270833333333333 0.255868544600939
2 0.7817708333333333 0.29694835680751175 0.04791666666666666 0.06338028169014084
2 0.8453125 0.2869718309859155 0.051041666666666666 0.062206572769953054
