1 0.20052083333333334 0.5275821596244131 0.03125 0.0715962441314554
1 0.17005208333333333 0.4800469483568075 0.024479166666666666 0.07511737089201878
1 0.20286458333333332 0.43838028169014087 0.0265625 0.07629107981220658
1 0.23567708333333334 0.4119718309859155 0.022395833333333334 0.06338028169014084
1 0.17890625 0.36502347417840375 0.024479166666666666 0.056338028169014086
1 0.24947916666666667 0.30927230046948356 0.035416666666666666 0.04342723004694836
1 0.7888020833333333 0.49119718309859156 0.0234375 0.09741784037558686
1 0.809375 0.4178403755868545 0.016666666666666666 0.0892018779342723
1 0.8463541666666666 0.3873239436619718 0.016666666666666666 0.07746478873239437
1 0.8770833333333333 0.414906103286385 0.019791666666666666 0.06924882629107981
1 0.9223958333333333 0.5422535211267606 0.030208333333333334 0.0892018779342723
1 0.959375 0.6073943661971831 0.01875 0.10446009389671362
1 0.96953125 0.7846244131455399 0.03177083333333333 0.1467136150234742
1 0.9020833333333333 0.8192488262910799 0.03333333333333333 0.12206572769953052
1 0.8671875 0.3362676056338028 0.016666666666666666 0.07394366197183098
2 0.8427083333333333 0.2822769953051643 0.041666666666666664 0.06455399061032864
2 0.8117187499999999 0.24002347417840375 0.04739583333333333 0.06690140845070423
2 0.7463541666666667 0.20833333333333334 0.035416666666666666 0.05516431924882629
2 0.20729166666666665 0.7294600938967136 0.11041666666666666 0.1772300469483568
3 0.68515625 0.5845070422535211 0.10260416666666666 0.38967136150234744
3 0.6299479166666666 0.3515258215962441 0.1171875 0.25704225352112675
