1 0.789323 0.494131 0.024479 0.100939
1 0.904687 0.832746 0.043750 0.146714
1 0.970052 0.768192 0.026562 0.127934
1 0.957812 0.586854 0.019792 0.093897
1 0.920833 0.526408 0.019792 0.116197
1 0.878385 0.419014 0.018229 0.068075
1 0.846354 0.381455 0.012500 0.072770
1 0.810156 0.412559 0.019271 0.057512
1 0.866927 0.336268 0.009896 0.055164
1 0.885677 0.290493 0.008854 0.057512
1 0.902604 0.319249 0.016667 0.075117
1 0.196094 0.522300 0.019271 0.072770
1 0.166927 0.470657 0.020313 0.075117
1 0.205729 0.442488 0.018750 0.077465
1 0.235677 0.410211 0.021354 0.071596
1 0.181510 0.374413 0.020313 0.053991
1 0.247396 0.302230 0.032292 0.052817
2 0.211719 0.732394 0.105729 0.154930
2 0.836458 0.279930 0.042708 0.083333
2 0.810937 0.241197 0.041667 0.048122
2 0.824740 0.177230 0.031771 0.053991
2 0.709115 0.262911 0.039062 0.053991
3 0.626302 0.358568 0.134896 0.287559
3 0.686719 0.563967 0.117188 0.336854
