1 0.23802083333333332 0.40082159624413144 0.019791666666666666 0.07394366197183098
1 0.17265625 0.3949530516431925 0.033854166666666664 0.062206572769953054
1 0.13541666666666666 0.8544600938967136 0.04791666666666666 0.10093896713615023
1 0.6153645833333333 0.41901408450704225 0.024479166666666666 0.06807511737089202
1 0.796875 0.3644366197183099 0.020833333333333332 0.07863849765258216
1 0.9166666666666666 0.4688967136150235 0.02395833333333333 0.08333333333333333
1 0.92265625 0.6449530516431925 0.028645833333333332 0.10446009389671362
1 0.9018229166666667 0.7564553990610329 0.03697916666666667 0.1068075117370892
1 0.9872395833333333 0.6379107981220657 0.024479166666666666 0.11384976525821597
1 0.9721354166666667 0.5023474178403756 0.0203125 0.07511737089201878
1 0.8635416666666667 0.3034037558685446 0.0125 0.062206572769953054
1 0.9002604166666667 0.36619718309859156 0.01614583333333333 0.06103286384976526
1 0.8856770833333333 0.2664319248826291 0.013020833333333334 0.03990610328638498
1 0.8971354166666666 0.30927230046948356 0.009895833333333333 0.029342723004694836
1 0.9065104166666667 0.2711267605633803 0.015104166666666667 0.0539906103286385
2 0.78125 0.5903755868544601 0.065625 0.1431924882629108
2 0.8354166666666667 0.4184272300469484 0.042708333333333334 0.11384976525821597
2 0.7453125 0.3221830985915493 0.046875 0.07863849765258216
2 0.28880208333333335 0.8233568075117371 0.11510416666666666 0.1983568075117371
2 0.23098958333333333 0.6596244131455399 0.0671875 0.13849765258215962
2 0.17109375 0.4894366197183099 0.07864583333333333 0.08685446009389672
2 0.7057291666666666 0.23826291079812206 0.03854166666666667 0.04929577464788733
2 0.60859375 0.18661971830985916 0.057812499999999996 0.051643192488262914
2 0.4075520833333333 0.2335680751173709 0.06614583333333333 0.051643192488262914
2 0.5994791666666667 0.33098591549295775 0.07083333333333333 0.13145539906103287
4 0.8020833333333334 0.2517605633802817 0.04791666666666666 0.11619718309859155
3 0.8041666666666667 0.16784037558685447 0.05416666666666667 0.06572769953051644
3 0.7666666666666666 0.14964788732394366 0.08125 0.13732394366197184
