1 0.6763020833333333 0.5140845070422535 0.03177083333333333 0.0892018779342723
1 0.9169270833333333 0.3961267605633803 0.0140625 0.08568075117370892
1 0.8937499999999999 0.2916666666666667 0.013541666666666667 0.0528169014084507
1 0.9067708333333333 0.23415492957746478 0.010416666666666666 0.0528169014084507
1 0.1859375 0.6402582159624414 0.026041666666666668 0.07629107981220658
1 0.18333333333333332 0.5563380281690141 0.027083333333333334 0.07042253521126761
1 0.16640625 0.38967136150234744 0.025520833333333333 0.06103286384976526
2 0.3 0.5786384976525821 0.058333333333333334 0.11267605633802817
2 0.17005208333333333 0.875 0.13697916666666665 0.1279342723004695
2 0.7013020833333333 0.42194835680751175 0.0609375 0.11619718309859155
2 0.6390625 0.2705399061032864 0.057291666666666664 0.05985915492957747
2 0.8429687499999999 0.21889671361502347 0.027604166666666666 0.04342723004694836
2 0.8677083333333333 0.18544600938967137 0.017708333333333333 0.03051643192488263
2 0.9104166666666667 0.18368544600938969 0.026041666666666668 0.029342723004694836
4 0.78046875 0.31514084507042256 0.06614583333333333 0.17253521126760563
