1 0.7302083333333333 0.4706572769953052 0.021875 0.07511737089201878
1 0.7486979166666666 0.6226525821596244 0.025520833333333333 0.1068075117370892
1 0.8130208333333333 0.7095070422535211 0.027083333333333334 0.09272300469483569
1 0.83046875 0.8339201877934272 0.043229166666666666 0.11384976525821597
1 0.921875 0.7541079812206573 0.035416666666666666 0.09976525821596244
1 0.9486979166666667 0.5962441314553991 0.019270833333333334 0.09154929577464789
1 0.9135416666666667 0.5269953051643192 0.01875 0.07981220657276995
1 0.8932291666666666 0.5528169014084507 0.01875 0.07042253521126761
1 0.9328124999999999 0.47476525821596244 0.017708333333333333 0.05516431924882629
1 0.95859375 0.4107981220657277 0.0140625 0.08685446009389672
1 0.9135416666666667 0.3931924882629108 0.022916666666666665 0.07511737089201878
1 0.8973958333333333 0.3755868544600939 0.015625 0.08215962441314555
1 0.8302083333333333 0.3620892018779343 0.01875 0.06455399061032864
1 0.7885416666666667 0.3274647887323944 0.017708333333333333 0.06103286384976526
1 0.9864583333333333 0.7282863849765259 0.026041666666666668 0.11384976525821597
1 0.8630208333333333 0.2934272300469484 0.010416666666666666 0.0539906103286385
1 0.87734375 0.306924882629108 0.01614583333333333 0.0715962441314554
1 0.6223958333333334 0.3890845070422535 0.01875 0.06690140845070423
1 0.7453125 0.23708920187793428 0.01875 0.05868544600938967
1 0.27317708333333335 0.7282863849765259 0.030729166666666665 0.11384976525821597
1 0.20859375 0.5721830985915493 0.028645833333333332 0.08098591549295775
1 0.7799479166666666 0.19190140845070422 0.011979166666666666 0.03873239436619719
1 0.8684895833333334 0.20187793427230047 0.009895833333333333 0.04460093896713615
1 0.8976562499999999 0.284037558685446 0.011979166666666666 0.046948356807511735
2 0.8322916666666667 0.5064553990610329 0.08645833333333333 0.13028169014084506
2 0.5984375 0.3227699530516432 0.06354166666666666 0.06572769953051644
2 0.69609375 0.29988262910798125 0.04114583333333333 0.04812206572769953
2 0.7885416666666667 0.24941314553990612 0.036458333333333336 0.04342723004694836
2 0.8473958333333333 0.2640845070422535 0.042708333333333334 0.05868544600938967
4 0.8213541666666666 0.18485915492957747 0.051041666666666666 0.09272300469483569
