1 0.271875 0.7188967136150235 0.042708333333333334 0.11854460093896714
1 0.20729166666666665 0.5710093896713615 0.029166666666666667 0.08568075117370892
1 0.746875 0.6167840375586855 0.026041666666666668 0.12323943661971831
1 0.809375 0.7030516431924883 0.02395833333333333 0.08450704225352113
1 0.8229166666666666 0.8057511737089202 0.035416666666666666 0.11854460093896714
1 0.9174479166666667 0.7529342723004695 0.034895833333333334 0.11619718309859155
1 0.9872395833333333 0.7194835680751174 0.024479166666666666 0.1056338028169014
1 0.9484374999999999 0.6038732394366197 0.026041666666666668 0.08568075117370892
1 0.8932291666666666 0.5598591549295775 0.01875 0.08215962441314555
1 0.9153645833333334 0.5305164319248826 0.022395833333333334 0.10093896713615023
1 0.9325520833333333 0.4653755868544601 0.024479166666666666 0.07863849765258216
1 0.9572916666666667 0.4014084507042254 0.016666666666666666 0.06338028169014084
1 0.8979166666666667 0.36737089201877937 0.01875 0.07746478873239437
1 0.8296875 0.3573943661971831 0.015625 0.0528169014084507
1 0.7302083333333333 0.4706572769953052 0.01875 0.0892018779342723
1 0.7869791666666667 0.32805164319248825 0.016666666666666666 0.0715962441314554
1 0.6223958333333334 0.3967136150234742 0.01875 0.08215962441314555
1 0.8783854166666667 0.31279342723004694 0.0109375 0.0715962441314554
1 0.8622395833333333 0.29518779342723006 0.011979166666666666 0.06690140845070423
1 0.74140625 0.23708920187793428 0.021354166666666667 0.051643192488262914
2 0.6010416666666667 0.3257042253521127 0.053125 0.0528169014084507
2 0.7122395833333334 0.3251173708920188 0.04635416666666667 0.07746478873239437
2 0.8270833333333333 0.5146713615023474 0.059375 0.09976525821596244
2 0.78984375 0.2546948356807512 0.058854166666666666 0.04225352112676056
2 0.8463541666666666 0.2546948356807512 0.021875 0.04225352112676056
4 0.8156249999999999 0.18838028169014084 0.04791666666666666 0.0903755868544601
