1 0.33697916666666666 0.7857981220657277 0.03125 0.16079812206572772
1 0.14270833333333333 0.8644366197183099 0.057291666666666664 0.1068075117370892
1 0.17317708333333334 0.3914319248826291 0.030729166666666665 0.07863849765258216
1 0.5627604166666667 0.18661971830985916 0.021354166666666667 0.03990610328638498
1 0.6966145833333334 0.2165492957746479 0.011979166666666666 0.05046948356807512
1 0.8273437499999999 0.23826291079812206 0.01614583333333333 0.04225352112676056
1 0.87109375 0.24471830985915494 0.013020833333333334 0.05046948356807512
1 0.8791666666666667 0.3620892018779343 0.016666666666666666 0.05516431924882629
1 0.9328124999999999 0.5375586854460094 0.017708333333333333 0.08450704225352113
1 0.8721354166666666 0.6907276995305165 0.0390625 0.09976525821596244
1 0.7533854166666667 0.6602112676056339 0.033854166666666664 0.12323943661971831
1 0.7502604166666667 0.4536384976525822 0.022395833333333334 0.08333333333333333
2 0.8276041666666667 0.4272300469483568 0.04895833333333333 0.09859154929577466
2 0.70390625 0.301056338028169 0.044270833333333336 0.05751173708920188
2 0.8057291666666666 0.301056338028169 0.03333333333333333 0.045774647887323945
2 0.8239583333333333 0.1977699530516432 0.03229166666666666 0.05516431924882629
2 0.8791666666666667 0.20950704225352113 0.027083333333333334 0.03169014084507042
4 0.22109375 0.6103286384976526 0.09114583333333333 0.3591549295774648
