1 0.8770833333333333 0.3204225352112676 0.016666666666666666 0.06338028169014084
1 0.8369791666666666 0.40492957746478875 0.022916666666666665 0.09389671361502347
1 0.8450520833333334 0.6203051643192489 0.03177083333333333 0.13262910798122066
1 0.9263020833333333 0.7065727699530516 0.028645833333333332 0.13380281690140847
1 0.9546875 0.573943661971831 0.028125 0.09859154929577466
1 0.934375 0.448943661971831 0.021875 0.08568075117370892
1 0.8776041666666666 0.45481220657276994 0.02395833333333333 0.1068075117370892
1 0.8963541666666667 0.2717136150234742 0.0125 0.0528169014084507
1 0.17942708333333332 0.7194835680751174 0.0359375 0.13615023474178403
1 0.16640625 0.4994131455399061 0.025520833333333333 0.08098591549295775
1 0.16796875 0.4125586854460094 0.0328125 0.05985915492957747
2 0.2559895833333333 0.6073943661971831 0.07552083333333333 0.18661971830985916
2 0.6989583333333333 0.22769953051643194 0.05 0.08450704225352113
2 0.8450520833333334 0.13321596244131456 0.03802083333333333 0.03403755868544601
2 0.8507812499999999 0.20011737089201878 0.0453125 0.06924882629107981
3 0.7208333333333333 0.39260563380281693 0.07395833333333333 0.24061032863849766
4 0.809375 0.27582159624413144 0.052083333333333336 0.12910798122065728
