1 0.22135416666666666 0.528755868544601 0.03125 0.08568075117370892
1 0.22838541666666667 0.43896713615023475 0.04114583333333333 0.07511737089201878
1 0.18619791666666666 0.3873239436619718 0.03177083333333333 0.07042253521126761
1 0.12760416666666666 0.448943661971831 0.029166666666666667 0.06455399061032864
1 0.9106770833333333 0.6396713615023474 0.03802083333333333 0.12910798122065728
1 0.9679687499999999 0.5369718309859155 0.019270833333333334 0.09272300469483569
1 0.9244791666666666 0.4325117370892019 0.019791666666666666 0.08802816901408451
1 0.8908854166666667 0.40434272300469487 0.0171875 0.07394366197183098
1 0.8950520833333333 0.27699530516431925 0.0203125 0.07276995305164319
1 0.9125 0.215962441314554 0.0125 0.04460093896713615
1 0.853125 0.22769953051643194 0.0125 0.046948356807511735
1 0.83046875 0.18544600938967137 0.01614583333333333 0.04225352112676056
2 0.22734374999999998 0.6866197183098591 0.07447916666666667 0.17136150234741784
2 0.8880208333333334 0.1789906103286385 0.022916666666666665 0.036384976525821594
4 0.7859375 0.32629107981220656 0.065625 0.15492957746478875
4 0.78359375 0.5387323943661972 0.0984375 0.24413145539906103
