1 0.22526041666666666 0.5334507042253521 0.030729166666666665 0.08333333333333333
1 0.22526041666666666 0.44072769953051644 0.0421875 0.05985915492957747
1 0.18411458333333333 0.38438967136150237 0.0359375 0.06690140845070423
1 0.12786458333333334 0.4477699530516432 0.024479166666666666 0.06455399061032864
1 0.9140625 0.6561032863849765 0.027083333333333334 0.11971830985915494
1 0.9671875 0.528169014084507 0.021875 0.08215962441314555
1 0.9236979166666667 0.4301643192488263 0.0140625 0.0715962441314554
1 0.8890625 0.40375586854460094 0.020833333333333332 0.06807511737089202
1 0.8953125 0.2734741784037559 0.03333333333333333 0.08450704225352113
1 0.8546874999999999 0.2312206572769953 0.0125 0.03990610328638498
1 0.9127604166666666 0.215962441314554 0.0067708333333333336 0.028169014084507043
1 0.8307291666666666 0.18720657276995306 0.010416666666666666 0.05516431924882629
2 0.8911458333333333 0.17546948356807512 0.035416666666666666 0.0715962441314554
2 0.22630208333333332 0.6983568075117371 0.07447916666666667 0.15258215962441316
4 0.7908854166666667 0.5575117370892019 0.08385416666666666 0.2863849765258216
4 0.7994791666666666 0.3251173708920188 0.07395833333333333 0.1807511737089202
