1 0.828125 0.4794600938967136 0.01875 0.1068075117370892
1 0.8768229166666667 0.5275821596244131 0.025520833333333333 0.08568075117370892
1 0.9619791666666666 0.687793427230047 0.028125 0.107981220657277
1 0.9 0.42312206572769956 0.016666666666666666 0.0715962441314554
1 0.8557291666666667 0.38673708920187794 0.017708333333333333 0.062206572769953054
1 0.7953125 0.31572769953051644 0.010416666666666666 0.04225352112676056
1 0.75078125 0.2863849765258216 0.0140625 0.046948356807511735
1 0.8114583333333333 0.22300469483568075 0.014583333333333334 0.051643192488262914
1 0.82578125 0.25234741784037557 0.011979166666666666 0.05868544600938967
1 0.8502604166666666 0.22887323943661972 0.0140625 0.03990610328638498
1 0.86484375 0.29636150234741787 0.01614583333333333 0.06690140845070423
1 0.8820312499999999 0.25821596244131456 0.011979166666666666 0.05868544600938967
1 0.8986979166666667 0.31866197183098594 0.013020833333333334 0.05985915492957747
1 0.93828125 0.3996478873239437 0.01614583333333333 0.09272300469483569
2 0.21484375 0.5240610328638498 0.09010416666666667 0.09507042253521127
2 0.7703125 0.7042253521126761 0.07395833333333333 0.19483568075117372
2 0.8361979166666667 0.16549295774647887 0.027604166666666666 0.023474178403755867
