1 0.8432291666666667 0.47417840375586856 0.02395833333333333 0.09624413145539906
1 0.9200520833333333 0.5774647887323944 0.0203125 0.107981220657277
1 0.33984375 0.5029342723004695 0.030729166666666665 0.08568075117370892
1 0.8059895833333334 0.35035211267605637 0.0171875 0.07863849765258216
2 0.21041666666666667 0.5498826291079812 0.07604166666666666 0.10211267605633803
2 0.81875 0.6965962441314554 0.11458333333333333 0.22652582159624413
2 0.8651041666666667 0.16490610328638497 0.030208333333333334 0.0528169014084507
2 0.8234374999999999 0.15199530516431925 0.0375 0.04107981220657277
4 0.7408854166666666 0.22476525821596244 0.05260416666666667 0.11619718309859155
4 0.8783854166666667 0.29284037558685444 0.06302083333333333 0.15140845070422534
2 0.17005208333333333 0.8450704225352113 0.12760416666666666 0.16666666666666666
