1 0.83828125 0.5639671361502347 0.0203125 0.12323943661971831
1 0.90078125 0.6379107981220657 0.030729166666666665 0.10446009389671362
1 0.94140625 0.5575117370892019 0.0296875 0.12206572769953052
1 0.8875 0.4014084507042254 0.019791666666666666 0.08450704225352113
1 0.93046875 0.41901408450704225 0.0234375 0.09389671361502347
1 0.85625 0.3257042253521127 0.01875 0.07629107981220658
1 0.9213541666666667 0.2535211267605634 0.013541666666666667 0.07746478873239437
1 0.3872395833333333 0.6701877934272301 0.034895833333333334 0.13380281690140847
1 0.27239583333333334 0.4970657276995305 0.029166666666666667 0.09741784037558686
1 0.09765625 0.8744131455399061 0.0609375 0.09389671361502347
2 0.20182291666666666 0.7053990610328639 0.09427083333333333 0.17605633802816903
2 0.15052083333333333 0.471830985915493 0.08645833333333333 0.09154929577464789
2 0.6184895833333334 0.36502347417840375 0.07552083333333333 0.11267605633802817
2 0.79921875 0.3761737089201878 0.0546875 0.08333333333333333
2 0.8286458333333333 0.20774647887323944 0.0375 0.04460093896713615
2 0.7541666666666667 0.1813380281690141 0.030208333333333334 0.0528169014084507
2 0.6567708333333333 0.17312206572769953 0.03958333333333333 0.05985915492957747
4 0.5671875 0.7687793427230047 0.20625 0.3192488262910798
4 0.7888020833333333 0.23415492957746478 0.043229166666666666 0.1255868544600939
4 0.7203125 0.3333333333333333 0.065625 0.13380281690140847
