1 0.8354166666666667 0.5586854460093896 0.029166666666666667 0.12206572769953052
1 0.8976562499999999 0.636150234741784 0.03802083333333333 0.15023474178403756
1 0.9421875 0.5522300469483569 0.028125 0.10446009389671362
1 0.8861979166666667 0.3961267605633803 0.019270833333333334 0.07394366197183098
1 0.8583333333333333 0.3268779342723005 0.017708333333333333 0.06924882629107981
1 0.384375 0.6696009389671361 0.036458333333333336 0.11150234741784038
1 0.27369791666666665 0.5005868544600939 0.0265625 0.09507042253521127
1 0.171875 0.3943661971830986 0.03958333333333333 0.07511737089201878
1 0.10234375 0.8738262910798122 0.07135416666666666 0.09741784037558686
1 0.9278645833333333 0.42370892018779344 0.0234375 0.10328638497652583
2 0.6544270833333333 0.17488262910798122 0.0453125 0.06572769953051644
2 0.14895833333333333 0.4812206572769953 0.08958333333333333 0.1056338028169014
2 0.20651041666666667 0.7165492957746479 0.12343749999999999 0.20774647887323944
2 0.621875 0.3644366197183099 0.07083333333333333 0.09272300469483569
2 0.8020833333333334 0.38028169014084506 0.052083333333333336 0.10093896713615023
2 0.7588541666666666 0.18368544600938969 0.03854166666666667 0.03873239436619719
4 0.5778645833333333 0.7582159624413146 0.18489583333333334 0.3427230046948357
4 0.7856770833333333 0.2347417840375587 0.04635416666666667 0.12441314553990611
