1 0.6950520833333333 0.43720657276995306 0.022395833333333334 0.08568075117370892
1 0.8984375 0.4055164319248826 0.016666666666666666 0.08568075117370892
1 0.8536458333333333 0.267018779342723 0.015625 0.06455399061032864
1 0.8807291666666667 0.22593896713615025 0.014583333333333334 0.04812206572769953
1 0.11614583333333334 0.3785211267605634 0.029166666666666667 0.06690140845070423
2 0.24348958333333334 0.5827464788732395 0.0609375 0.10211267605633803
2 0.8276041666666667 0.4137323943661972 0.04375 0.08802816901408451
2 0.7744791666666666 0.32629107981220656 0.03854166666666667 0.10093896713615023
2 0.81796875 0.2347417840375587 0.03697916666666667 0.07746478873239437
2 0.85390625 0.17312206572769953 0.025520833333333333 0.05751173708920188
2 0.8091145833333333 0.15023474178403756 0.030729166666666665 0.03755868544600939
2 0.6411458333333333 0.602112676056338 0.08541666666666667 0.19014084507042253
3 0.7052083333333333 0.2946009389671362 0.041666666666666664 0.07042253521126761
