1 0.19036458333333334 0.5352112676056339 0.0265625 0.09624413145539906
1 0.13958333333333334 0.4694835680751174 0.027083333333333334 0.0892018779342723
1 0.8065104166666667 0.6654929577464789 0.025520833333333333 0.11267605633802817
1 0.8515625 0.585093896713615 0.01875 0.11150234741784038
1 0.89296875 0.49765258215962443 0.021354166666666667 0.08450704225352113
1 0.953125 0.4953051643192488 0.017708333333333333 0.09389671361502347
1 0.8984375 0.409037558685446 0.015625 0.07394366197183098
1 0.9091145833333333 0.33568075117370894 0.013020833333333334 0.0539906103286385
1 0.8664062499999999 0.2306338028169014 0.009895833333333333 0.05751173708920188
1 0.759375 0.2142018779342723 0.0125 0.04107981220657277
1 0.8268229166666666 0.1965962441314554 0.009895833333333333 0.03403755868544601
1 0.85 0.17781690140845072 0.00625 0.045774647887323945
2 0.6346354166666667 0.2881455399061033 0.04739583333333333 0.07394366197183098
2 0.7958333333333333 0.14847417840375587 0.035416666666666666 0.04812206572769953
2 0.8156249999999999 0.24647887323943662 0.035416666666666666 0.06338028169014084
