1 0.7356770833333334 0.49237089201877937 0.0234375 0.08568075117370892
1 0.7796875 0.4794600938967136 0.021875 0.1068075117370892
1 0.9119791666666667 0.5933098591549296 0.019791666666666666 0.08568075117370892
1 0.8580729166666666 0.2775821596244131 0.013020833333333334 0.05046948356807512
1 0.85 0.21948356807511737 0.010416666666666666 0.0539906103286385
1 0.8317708333333333 0.20715962441314553 0.011458333333333333 0.04342723004694836
1 0.7984375 0.20715962441314553 0.014583333333333334 0.0528169014084507
1 0.8231770833333333 0.17429577464788734 0.0109375 0.03169014084507042
1 0.8838541666666666 0.18016431924882628 0.00625 0.04107981220657277
1 0.8986979166666667 0.18309859154929578 0.0067708333333333336 0.04225352112676056
2 0.20755208333333333 0.28169014084507044 0.0921875 0.051643192488262914
2 0.18515625 0.823943661971831 0.1109375 0.2112676056338028
