1 0.121094 0.785646 0.098437 0.120722
1 0.043750 0.743346 0.086458 0.096958
1 0.291927 0.691065 0.082812 0.098859
1 0.194792 0.677757 0.070833 0.089354
1 0.056250 0.638783 0.085417 0.093156
1 0.592708 0.608840 0.076042 0.105513
1 0.822396 0.580798 0.080208 0.085551
1 0.521875 0.527567 0.059375 0.074144
1 0.494271 0.447243 0.028125 0.063688
1 0.645573 0.409696 0.033854 0.064639
1 0.420833 0.450095 0.051042 0.057985
1 0.215365 0.581749 0.064062 0.072243
1 0.966146 0.653517 0.067708 0.092205
4 0.447396 0.335551 0.058333 0.114068
4 0.638802 0.321768 0.079687 0.132129
4 0.289323 0.317015 0.046354 0.075095
2 0.713802 0.358840 0.053646 0.050380
2 0.316406 0.363593 0.040104 0.052281
