1 0.290625 0.692966 0.085417 0.106464
1 0.122396 0.783270 0.097917 0.115970
1 0.040104 0.752376 0.079167 0.122624
1 0.051302 0.641160 0.080729 0.094106
1 0.193750 0.681559 0.080208 0.108365
1 0.594271 0.615019 0.072917 0.100760
1 0.820312 0.584125 0.078125 0.086502
1 0.966667 0.650190 0.066667 0.089354
1 0.519271 0.527567 0.055208 0.081749
1 0.494531 0.450570 0.028646 0.066540
1 0.419010 0.456274 0.049479 0.076046
1 0.215104 0.521388 0.054167 0.082700
1 0.218750 0.580798 0.053125 0.077947
4 0.634635 0.318916 0.075521 0.132129
4 0.448177 0.334125 0.058854 0.094106
4 0.290885 0.319867 0.043229 0.073194
2 0.314323 0.364544 0.042188 0.054183
2 0.716927 0.362167 0.052604 0.058935
