1 0.457031 0.783270 0.081771 0.117871
1 0.307552 0.754278 0.088021 0.115019
1 0.190625 0.807034 0.093750 0.100760
1 0.112760 0.883555 0.097396 0.107414
1 0.039844 0.842205 0.078646 0.115970
1 0.047396 0.770913 0.093750 0.085551
1 0.581771 0.751426 0.082292 0.097909
1 0.667708 0.716730 0.086458 0.095057
1 0.780990 0.812738 0.083854 0.144487
1 0.965625 0.637833 0.068750 0.087452
1 0.890625 0.593156 0.059375 0.079848
1 0.850260 0.567490 0.066146 0.081749
1 0.703646 0.598859 0.072917 0.081749
1 0.754948 0.698669 0.079687 0.102662
1 0.604427 0.609791 0.068229 0.082700
1 0.513281 0.633555 0.065104 0.094106
1 0.465365 0.680133 0.065104 0.096008
1 0.433073 0.619772 0.060937 0.079848
1 0.472396 0.522338 0.059375 0.056084
1 0.458854 0.554183 0.057292 0.062738
1 0.360938 0.706274 0.066667 0.095057
1 0.311979 0.595532 0.048958 0.084601
1 0.229427 0.654468 0.061979 0.084601
1 0.205990 0.725760 0.067187 0.088403
1 0.104688 0.659696 0.070833 0.087452
1 0.490365 0.432034 0.039062 0.050380
1 0.439844 0.484316 0.043229 0.061787
1 0.702344 0.419202 0.027604 0.047529
1 0.245833 0.509030 0.047917 0.063688
4 0.666406 0.864068 0.264062 0.159696
4 0.380208 0.322719 0.040625 0.094106
4 0.148958 0.582700 0.186458 0.100760
2 0.629167 0.398764 0.078125 0.065589
