1 0.168490 0.717205 0.081771 0.103612
1 0.092708 0.662072 0.062500 0.096008
1 0.289323 0.772814 0.081771 0.108365
1 0.408333 0.759981 0.080208 0.107414
1 0.349479 0.741445 0.062500 0.085551
1 0.503646 0.759981 0.084375 0.097909
1 0.479948 0.714829 0.071354 0.083650
1 0.829688 0.788023 0.086458 0.102662
1 0.806771 0.679658 0.079167 0.091255
1 0.707292 0.621198 0.065625 0.076996
1 0.597396 0.668251 0.077083 0.076046
1 0.471354 0.669677 0.070833 0.080798
1 0.322917 0.679183 0.065625 0.075095
1 0.356250 0.589829 0.063542 0.078897
1 0.410156 0.576046 0.058854 0.068441
1 0.933073 0.741445 0.083854 0.108365
1 0.866927 0.644487 0.064062 0.081749
1 0.956250 0.618346 0.069792 0.086502
1 0.840104 0.591730 0.065625 0.084601
1 0.753646 0.561312 0.066667 0.097909
1 0.629167 0.602186 0.062500 0.084601
1 0.560937 0.544202 0.052083 0.071293
1 0.490104 0.615019 0.059375 0.079848
1 0.269531 0.518061 0.055729 0.068441
1 0.671615 0.515209 0.061979 0.068441
4 0.366146 0.396863 0.112500 0.132129
4 0.440104 0.359316 0.046875 0.104563
2 0.513802 0.406369 0.103646 0.073194
