1 0.467708 0.625951 0.073958 0.088403
1 0.333333 0.640209 0.066667 0.080798
1 0.230990 0.694867 0.081771 0.115970
1 0.174219 0.679183 0.061979 0.103612
1 0.066667 0.720532 0.090625 0.134981
1 0.579688 0.613593 0.073958 0.082700
1 0.519271 0.527091 0.057292 0.073194
1 0.711198 0.577471 0.068229 0.084601
1 0.798177 0.657319 0.064062 0.084601
1 0.923958 0.671103 0.070833 0.102662
1 0.897917 0.602662 0.073958 0.083650
4 0.684635 0.470532 0.144271 0.150190
4 0.198958 0.584125 0.265625 0.179658
4 0.433073 0.798479 0.305729 0.277567
4 0.813021 0.812262 0.372917 0.261407
3 0.399740 0.424905 0.211979 0.188213
