1 0.366406 0.846958 0.100521 0.127376
1 0.139323 0.819867 0.092188 0.132129
1 0.298698 0.721483 0.082812 0.102662
1 0.090625 0.701046 0.082292 0.097909
1 0.178646 0.595532 0.068750 0.082700
1 0.519271 0.668726 0.062500 0.105513
1 0.432812 0.644011 0.038542 0.109316
1 0.339062 0.593631 0.062500 0.086502
1 0.287500 0.560361 0.060417 0.071293
1 0.235156 0.534696 0.044271 0.065589
1 0.196875 0.511882 0.048958 0.065589
1 0.160938 0.547529 0.052083 0.076046
1 0.411979 0.546103 0.055208 0.065589
1 0.498698 0.614544 0.068229 0.080798
1 0.555729 0.639734 0.062500 0.087452
1 0.632292 0.611692 0.080208 0.080798
1 0.656250 0.683935 0.077083 0.101711
1 0.714323 0.670152 0.064062 0.102662
1 0.759896 0.651141 0.061458 0.091255
1 0.718490 0.596958 0.075521 0.093156
1 0.816406 0.597909 0.066146 0.083650
1 0.836979 0.679183 0.083333 0.105513
1 0.907813 0.737167 0.094792 0.113118
1 0.885677 0.606939 0.070312 0.080798
1 0.314583 0.432510 0.041667 0.057034
4 0.695833 0.341255 0.073958 0.110266
4 0.454688 0.307985 0.047917 0.110266
4 0.290365 0.325095 0.048438 0.077947
