4 0.307292 0.534696 0.102083 0.168251
4 0.372135 0.364544 0.048438 0.111217
4 0.777083 0.754278 0.220833 0.388783
4 0.592187 0.369772 0.083333 0.146388
4 0.451302 0.301331 0.053646 0.117871
4 0.741667 0.453897 0.177083 0.257605
1 0.112500 0.589829 0.044792 0.115019
1 0.114583 0.515209 0.027083 0.085551
1 0.021354 0.628802 0.041667 0.128327
1 0.202865 0.475760 0.030729 0.067490
1 0.162500 0.470532 0.027083 0.070342
1 0.792969 0.405418 0.023438 0.056084
1 0.761198 0.338403 0.022396 0.055133
1 0.734896 0.326046 0.015625 0.043726
1 0.289323 0.369297 0.016146 0.050380
1 0.245573 0.379753 0.013021 0.046578
2 0.326042 0.351236 0.036458 0.052281
