4 0.450521 0.301806 0.050000 0.120722
4 0.371094 0.362643 0.053646 0.109316
4 0.308854 0.527091 0.101042 0.168251
4 0.777083 0.749049 0.214583 0.399240
4 0.593229 0.364068 0.072917 0.146388
4 0.740104 0.451521 0.182292 0.262357
1 0.245573 0.377376 0.016146 0.051331
1 0.205729 0.480513 0.027083 0.076996
1 0.110677 0.591255 0.041146 0.100760
1 0.018750 0.619297 0.036458 0.109316
1 0.113542 0.512833 0.027083 0.067490
1 0.163542 0.469106 0.027083 0.073194
1 0.794010 0.383080 0.021354 0.057034
2 0.326302 0.348859 0.040104 0.043726
