1 0.040885 0.765684 0.080729 0.096008
1 0.107813 0.682510 0.084375 0.077947
1 0.132552 0.813688 0.102604 0.112167
1 0.299219 0.888308 0.118229 0.116920
1 0.228906 0.750951 0.094271 0.117871
1 0.231250 0.596483 0.071875 0.080798
1 0.272135 0.567490 0.064062 0.072243
1 0.355729 0.584601 0.064583 0.076046
1 0.378906 0.607890 0.070312 0.094106
1 0.332031 0.776141 0.083854 0.109316
1 0.270833 0.652091 0.077083 0.089354
1 0.426823 0.855989 0.070312 0.137833
1 0.428125 0.720532 0.084375 0.108365
1 0.476302 0.663023 0.088021 0.094106
1 0.526563 0.586027 0.067708 0.082700
1 0.446094 0.545627 0.056771 0.074144
1 0.618490 0.745247 0.083854 0.112167
1 0.591667 0.556559 0.065625 0.078897
1 0.643229 0.613118 0.069792 0.083650
1 0.697396 0.596483 0.062500 0.078897
1 0.784635 0.725285 0.082812 0.079848
1 0.873437 0.782795 0.102083 0.111217
1 0.895312 0.695342 0.084375 0.096008
1 0.972396 0.723384 0.055208 0.106464
1 0.673958 0.395913 0.000000 0.000951
4 0.240104 0.380228 0.054167 0.087452
4 0.448698 0.304183 0.050521 0.115970
2 0.369271 0.455798 0.086458 0.099810
