4 0.436979 0.359316 0.045833 0.100760
4 0.386979 0.320817 0.041667 0.090304
4 0.640104 0.408270 0.353125 0.151141
1 0.116406 0.862643 0.091146 0.149240
1 0.050000 0.776141 0.095833 0.109316
1 0.358854 0.811787 0.106250 0.138783
1 0.602604 0.797529 0.092708 0.110266
1 0.685677 0.694867 0.086979 0.106464
1 0.825260 0.732414 0.085938 0.116920
1 0.768750 0.600285 0.064583 0.086502
1 0.870573 0.631179 0.071354 0.085551
1 0.902604 0.582224 0.064583 0.078897
1 0.599219 0.587452 0.061979 0.077947
1 0.232813 0.685361 0.051042 0.106464
1 0.360156 0.664449 0.068229 0.085551
1 0.302344 0.614068 0.076563 0.083650
1 0.486979 0.521863 0.050000 0.068441
1 0.602604 0.535171 0.059375 0.074144
1 0.962240 0.489068 0.034896 0.092205
1 0.122135 0.596958 0.064062 0.095057
1 0.201563 0.482414 0.035417 0.069392
1 0.235937 0.587928 0.063542 0.078897
2 0.388021 0.432985 0.085417 0.059886
