1 0.424219 0.780894 0.084896 0.107414
1 0.254688 0.814639 0.090625 0.096958
1 0.475521 0.631179 0.090625 0.096958
1 0.039844 0.849810 0.078646 0.110266
1 0.079687 0.779468 0.092708 0.100760
1 0.106771 0.727662 0.105208 0.096008
1 0.223698 0.749525 0.088021 0.080798
1 0.715104 0.765209 0.089583 0.095057
1 0.808854 0.827947 0.105208 0.123574
1 0.681250 0.704848 0.082292 0.099810
1 0.601562 0.641635 0.079167 0.095057
1 0.792448 0.713403 0.084896 0.080798
1 0.911719 0.711027 0.089063 0.091255
1 0.033333 0.631654 0.065625 0.078897
1 0.118750 0.581274 0.061458 0.073194
1 0.693229 0.597433 0.065625 0.096008
1 0.521094 0.495247 0.057813 0.064639
1 0.558073 0.595057 0.072396 0.076046
1 0.338281 0.544202 0.055729 0.075095
1 0.266927 0.531369 0.057813 0.072243
4 0.389323 0.308460 0.064062 0.116920
4 0.641146 0.384506 0.391667 0.177757
2 0.921354 0.552281 0.157292 0.110266
