1 0.245573 0.754753 0.091146 0.087452
1 0.185938 0.701996 0.084375 0.092205
1 0.032031 0.657795 0.063021 0.104563
1 0.415104 0.629753 0.072917 0.080798
1 0.568229 0.616445 0.070833 0.090304
1 0.656510 0.627852 0.069271 0.097909
1 0.775781 0.673954 0.082812 0.087452
1 0.771094 0.553232 0.066146 0.081749
1 0.910417 0.562738 0.067708 0.083650
1 0.581510 0.539924 0.063021 0.083650
4 0.648438 0.385456 0.133333 0.101711
4 0.658594 0.286122 0.092188 0.112167
4 0.447656 0.295627 0.048438 0.134981
4 0.389844 0.303707 0.063021 0.120722
2 0.401823 0.579848 0.169271 0.112167
