1 0.151823 0.730513 0.089063 0.099810
1 0.060677 0.692966 0.086979 0.102662
1 0.181250 0.661122 0.080208 0.084601
1 0.122656 0.633080 0.065104 0.074144
1 0.127604 0.537548 0.053125 0.101711
1 0.257031 0.520437 0.049479 0.088403
1 0.397396 0.522814 0.061458 0.079848
1 0.485938 0.579848 0.059375 0.083650
1 0.874219 0.631654 0.070312 0.090304
1 0.768750 0.572719 0.063542 0.063688
1 0.818490 0.485741 0.051562 0.070342
4 0.333854 0.303232 0.047917 0.087452
4 0.637760 0.266635 0.066146 0.076996
4 0.455990 0.386407 0.063021 0.086502
