1 0.438021 0.822243 0.107292 0.129278
1 0.046875 0.666825 0.069792 0.103612
1 0.152865 0.661122 0.081771 0.099810
1 0.287500 0.659696 0.078125 0.102662
1 0.467187 0.699620 0.082292 0.096958
1 0.428646 0.646863 0.073958 0.092205
1 0.591406 0.596483 0.061979 0.086502
1 0.545833 0.538023 0.058333 0.066540
1 0.677604 0.651616 0.066667 0.088403
1 0.919792 0.649715 0.086458 0.092205
1 0.853385 0.600760 0.074479 0.085551
1 0.904427 0.548954 0.068229 0.078897
0 0.754427 0.458175 0.028646 0.081749
4 0.335677 0.516635 0.200521 0.166350
4 0.789323 0.723859 0.181771 0.172053
4 0.618750 0.380228 0.126042 0.102662
4 0.334115 0.302757 0.044271 0.078897
2 0.669271 0.479563 0.121875 0.088403
