1 0.076302 0.836027 0.091146 0.115019
1 0.186458 0.691065 0.082292 0.083650
1 0.352604 0.666825 0.076042 0.097909
1 0.266667 0.650190 0.062500 0.085551
1 0.688542 0.651616 0.067708 0.075095
1 0.846875 0.575095 0.067708 0.072243
1 0.946354 0.586027 0.073958 0.082700
1 0.320312 0.530894 0.050000 0.067490
1 0.168490 0.583650 0.063021 0.068441
1 0.279427 0.572243 0.047396 0.074144
1 0.234896 0.592205 0.057292 0.070342
1 0.351823 0.602662 0.067187 0.076046
1 0.405729 0.580798 0.064583 0.077947
1 0.472135 0.496673 0.052604 0.071293
1 0.556250 0.585551 0.059375 0.079848
1 0.580469 0.517110 0.056771 0.072243
1 0.632552 0.571768 0.065104 0.086502
4 0.529167 0.764734 0.265625 0.335551
4 0.883073 0.734791 0.233854 0.285171
4 0.311198 0.329373 0.042188 0.088403
2 0.625521 0.425380 0.093750 0.065589
