1 0.564063 0.706749 0.067708 0.118821
1 0.547917 0.627852 0.056250 0.097909
1 0.075260 0.541350 0.031771 0.080798
1 0.830208 0.484316 0.026042 0.073194
1 0.852604 0.454848 0.022917 0.073194
1 0.787760 0.418251 0.015104 0.064639
4 0.234375 0.411597 0.117708 0.190114
4 0.288021 0.753327 0.239583 0.365970
4 0.154167 0.701521 0.307292 0.422053
4 0.879948 0.734791 0.240104 0.456274
2 0.407813 0.447243 0.052083 0.075095
2 0.436458 0.373099 0.039583 0.052281
2 0.355990 0.394011 0.052604 0.082700
2 0.594271 0.346958 0.039583 0.047529
