1 0.079687 0.699144 0.091667 0.096008
1 0.057813 0.577947 0.059375 0.072243
1 0.085417 0.500000 0.027083 0.070342
1 0.121875 0.597433 0.067708 0.080798
1 0.203646 0.562262 0.060417 0.075095
1 0.160677 0.677281 0.078646 0.103612
1 0.182292 0.796578 0.097917 0.121673
1 0.225521 0.687738 0.080208 0.103612
1 0.292187 0.751901 0.078125 0.093156
1 0.304167 0.837928 0.084375 0.115019
1 0.402865 0.868346 0.109896 0.120722
1 0.419531 0.793726 0.077604 0.115970
1 0.500781 0.816065 0.096354 0.118821
1 0.442969 0.746673 0.082812 0.130228
1 0.361458 0.697243 0.058333 0.113118
1 0.566927 0.898289 0.118229 0.112167
1 0.822656 0.880228 0.113021 0.121673
1 0.912240 0.634506 0.077604 0.092205
1 0.967187 0.652091 0.065625 0.093156
1 0.479687 0.616920 0.073958 0.091255
1 0.410677 0.650190 0.070312 0.098859
1 0.295573 0.500951 0.040104 0.072243
1 0.231771 0.458650 0.029167 0.069392
1 0.453385 0.503802 0.058854 0.068441
4 0.681771 0.699144 0.327083 0.250000
4 0.594792 0.386882 0.453125 0.165399
2 0.721875 0.541825 0.169792 0.096958
