1 0.120573 0.680133 0.074479 0.096008
1 0.393490 0.690114 0.088021 0.098859
1 0.364583 0.533270 0.056250 0.070342
1 0.502604 0.588878 0.067708 0.076996
1 0.551562 0.566065 0.065625 0.071293
1 0.748177 0.807034 0.079687 0.093156
1 0.786719 0.599810 0.072396 0.074144
1 0.835938 0.550380 0.066667 0.068441
1 0.944792 0.633555 0.076042 0.080798
1 0.904167 0.725285 0.082292 0.108365
1 0.611458 0.489068 0.055208 0.063688
1 0.380469 0.457224 0.051562 0.051331
1 0.101562 0.482414 0.035417 0.069392
4 0.221875 0.606939 0.228125 0.164449
4 0.646615 0.362643 0.088021 0.103612
