1 0.390104 0.658270 0.081250 0.096008
1 0.440625 0.843156 0.106250 0.127376
1 0.783854 0.707700 0.086458 0.092205
1 0.450260 0.571768 0.059896 0.067490
1 0.511979 0.513308 0.048958 0.058935
1 0.477344 0.480513 0.038021 0.059886
1 0.069792 0.603612 0.055208 0.079848
1 0.870833 0.656369 0.075000 0.076996
1 0.842708 0.596008 0.067708 0.076046
1 0.961719 0.678232 0.076563 0.097909
1 0.921094 0.627852 0.064062 0.084601
1 0.599219 0.536122 0.074479 0.089354
1 0.708854 0.589354 0.064583 0.087452
4 0.205469 0.606464 0.224479 0.182510
4 0.274479 0.347909 0.047917 0.074144
2 0.134635 0.763308 0.263021 0.150190
2 0.739844 0.521863 0.157812 0.106464
