4 0.451042 0.296578 0.042708 0.095057
1 0.510677 0.636882 0.083854 0.093156
1 0.530208 0.565589 0.064583 0.076046
1 0.718750 0.510456 0.055208 0.083650
1 0.832292 0.586502 0.076042 0.091255
1 0.231771 0.730989 0.089583 0.121673
1 0.142708 0.699620 0.079167 0.102662
1 0.121354 0.761882 0.100000 0.111217
1 0.332813 0.496673 0.054167 0.075095
1 0.188802 0.587452 0.065104 0.085551
1 0.122656 0.576521 0.069271 0.090304
1 0.195312 0.496673 0.056250 0.063688
1 0.027083 0.637357 0.053125 0.086502
3 0.387240 0.319392 0.045312 0.081749
