1 0.172656 0.819392 0.075521 0.108365
1 0.105208 0.755703 0.091667 0.112167
1 0.045312 0.840304 0.077083 0.114068
1 0.640365 0.805133 0.073438 0.079848
1 0.677344 0.889259 0.085938 0.111217
1 0.831510 0.705798 0.090104 0.101711
1 0.685417 0.698669 0.089583 0.108365
1 0.120573 0.609791 0.070312 0.071293
1 0.101042 0.668726 0.080208 0.073194
1 0.205729 0.716255 0.077083 0.099810
1 0.361458 0.618821 0.060417 0.085551
1 0.290365 0.678707 0.072396 0.085551
1 0.321094 0.702947 0.063021 0.080798
1 0.607552 0.656369 0.067187 0.084601
1 0.428125 0.542776 0.063542 0.058935
1 0.479687 0.577471 0.056250 0.080798
1 0.542708 0.571293 0.060417 0.077947
1 0.652083 0.567966 0.063542 0.086502
1 0.720833 0.598384 0.064583 0.082700
1 0.916667 0.639259 0.079167 0.090304
1 0.313021 0.550856 0.055208 0.067490
1 0.238802 0.476236 0.033854 0.066540
4 0.479167 0.795152 0.243750 0.286122
4 0.725260 0.386407 0.069271 0.111217
4 0.274219 0.324144 0.044271 0.091255
4 0.499479 0.432510 0.178125 0.192015
