1 0.099219 0.598859 0.072396 0.089354
1 0.348177 0.607414 0.070312 0.091255
1 0.457552 0.531844 0.059896 0.069392
1 0.541406 0.463403 0.041146 0.075095
1 0.659375 0.523764 0.059375 0.085551
1 0.604427 0.589354 0.051562 0.096958
1 0.809115 0.534221 0.057813 0.074144
1 0.817187 0.839354 0.097917 0.121673
1 0.760938 0.800380 0.072917 0.121673
1 0.946615 0.550856 0.076563 0.082700
1 0.364063 0.527567 0.056250 0.087452
4 0.271875 0.325095 0.048958 0.098859
4 0.450781 0.283745 0.045312 0.128327
4 0.677865 0.313213 0.094271 0.143536
