1 0.285156 0.712452 0.092188 0.113118
1 0.102083 0.697243 0.080208 0.107414
1 0.567969 0.644487 0.076563 0.104563
1 0.543750 0.767110 0.095833 0.106464
1 0.771615 0.890684 0.085938 0.106464
1 0.810937 0.611217 0.071875 0.079848
1 0.884115 0.640684 0.081771 0.077947
1 0.962760 0.671103 0.071354 0.095057
1 0.745052 0.492871 0.051562 0.069392
1 0.714583 0.446293 0.051042 0.061787
1 0.514323 0.439639 0.041146 0.067490
1 0.394792 0.528042 0.057292 0.073194
1 0.095573 0.548954 0.050521 0.061787
1 0.377865 0.474335 0.035937 0.068441
4 0.241146 0.590304 0.218750 0.150190
2 0.456250 0.401616 0.057292 0.076996
3 0.308594 0.326046 0.064062 0.100760
3 0.383854 0.324620 0.043750 0.084601
