1 0.459635 0.775665 0.085938 0.110266
1 0.383854 0.706749 0.079167 0.086502
1 0.385937 0.758080 0.080208 0.094106
1 0.225781 0.818441 0.095312 0.114068
1 0.267448 0.731464 0.085938 0.094106
1 0.714844 0.750000 0.083854 0.108365
1 0.855729 0.720057 0.079167 0.099810
1 0.578646 0.635456 0.068750 0.090304
1 0.201823 0.711502 0.083854 0.082700
1 0.036979 0.607414 0.058333 0.083650
1 0.125521 0.578897 0.057292 0.079848
1 0.314323 0.602186 0.070312 0.084601
1 0.510938 0.608840 0.061458 0.080798
1 0.385937 0.608840 0.070833 0.069392
1 0.741406 0.595057 0.074479 0.076046
1 0.830990 0.635456 0.075521 0.082700
1 0.926302 0.628802 0.064062 0.084601
1 0.566927 0.536597 0.057813 0.075095
1 0.479427 0.488593 0.053646 0.068441
2 0.306510 0.348384 0.038021 0.057985
2 0.447656 0.372148 0.031771 0.048479
