1 0.307552 0.797053 0.096354 0.120722
1 0.487240 0.874525 0.099479 0.133080
1 0.472917 0.671578 0.082292 0.097909
1 0.528385 0.609791 0.072396 0.084601
1 0.612760 0.631654 0.079687 0.086502
1 0.703646 0.641635 0.077083 0.095057
1 0.836458 0.802281 0.100000 0.110266
1 0.936458 0.783745 0.092708 0.132129
1 0.943750 0.688213 0.073958 0.093156
1 0.854688 0.640684 0.077083 0.100760
1 0.761719 0.616920 0.069271 0.081749
1 0.632031 0.576046 0.042188 0.083650
1 0.553646 0.497624 0.054167 0.069392
1 0.659115 0.494297 0.049479 0.066540
1 0.936458 0.614068 0.064583 0.077947
1 0.309115 0.492871 0.026562 0.078897
4 0.837760 0.534696 0.198437 0.158745
4 0.409375 0.373574 0.094792 0.226236
