1 0.271354 0.740019 0.091667 0.101711
1 0.070833 0.731464 0.097917 0.101711
1 0.158594 0.665875 0.081771 0.080798
1 0.283854 0.645913 0.071875 0.090304
1 0.419271 0.710076 0.090625 0.095057
1 0.460156 0.634506 0.067187 0.092205
1 0.564583 0.647338 0.071875 0.091255
1 0.568750 0.842681 0.102083 0.124525
1 0.665104 0.734316 0.058333 0.122624
1 0.650521 0.609316 0.072917 0.083650
1 0.759375 0.605513 0.078125 0.083650
1 0.697396 0.576996 0.055208 0.083650
1 0.849479 0.644011 0.065625 0.094106
4 0.495052 0.499525 0.217188 0.158745
4 0.651823 0.368821 0.404687 0.157795
2 0.219010 0.610741 0.163021 0.101711
