1 0.449740 0.784221 0.096354 0.114068
1 0.378906 0.893061 0.110937 0.111217
1 0.158073 0.859316 0.100521 0.106464
1 0.261458 0.788023 0.095833 0.114068
1 0.203385 0.747148 0.080729 0.087452
1 0.084635 0.722909 0.085938 0.107414
1 0.182552 0.690589 0.067187 0.084601
1 0.125000 0.660646 0.069792 0.083650
1 0.350000 0.707700 0.091667 0.090304
1 0.417708 0.631654 0.073958 0.078897
1 0.524219 0.628802 0.082812 0.092205
1 0.534375 0.713878 0.076042 0.093156
1 0.610156 0.729087 0.080729 0.095057
1 0.761979 0.786122 0.090625 0.110266
1 0.604427 0.639259 0.073438 0.076996
1 0.903385 0.730989 0.083854 0.098859
1 0.952344 0.649715 0.074479 0.075095
1 0.730729 0.571293 0.071875 0.079848
1 0.628385 0.581749 0.058854 0.057034
1 0.579167 0.594582 0.062500 0.069392
1 0.509375 0.500000 0.053125 0.053232
1 0.132552 0.595057 0.067187 0.077947
4 0.086198 0.484316 0.146354 0.175856
4 0.198177 0.395437 0.070312 0.108365
4 0.648698 0.397814 0.192188 0.156844
2 0.277344 0.616445 0.148438 0.099810
