4 0.465104 0.383080 0.073958 0.136882
4 0.289844 0.361217 0.064062 0.112167
4 0.429167 0.326521 0.053125 0.103612
4 0.335417 0.481464 0.140625 0.364068
4 0.592969 0.338403 0.077604 0.163498
4 0.688542 0.632129 0.161458 0.340304
1 0.971094 0.594582 0.043229 0.113118
1 0.882812 0.488593 0.031250 0.070342
1 0.959896 0.487167 0.030208 0.078897
1 0.746354 0.365494 0.023958 0.057985
1 0.722656 0.327947 0.017188 0.053232
1 0.134896 0.521388 0.028125 0.094106
1 0.069531 0.560361 0.034896 0.094106
1 0.052604 0.497624 0.025000 0.080798
2 0.757812 0.417300 0.078125 0.087452
