1 0.583073 0.575570 0.061979 0.073194
1 0.494271 0.781369 0.085417 0.114068
1 0.575781 0.796578 0.096354 0.114068
1 0.558594 0.729087 0.090104 0.091255
1 0.267188 0.768536 0.097917 0.111217
1 0.338802 0.696293 0.078646 0.101711
1 0.135156 0.719106 0.066146 0.092205
1 0.766667 0.819867 0.092708 0.122624
1 0.825000 0.887357 0.095833 0.113118
1 0.873958 0.751426 0.085417 0.105513
1 0.814844 0.626426 0.071354 0.093156
1 0.903646 0.641635 0.069792 0.079848
1 0.542448 0.629278 0.072396 0.081749
1 0.421094 0.619297 0.069271 0.088403
1 0.195052 0.679658 0.081771 0.083650
1 0.192188 0.620247 0.067708 0.075095
1 0.100781 0.624525 0.069271 0.085551
1 0.283333 0.623099 0.060417 0.086502
1 0.612240 0.465304 0.036979 0.065589
1 0.781771 0.483840 0.050000 0.079848
1 0.835156 0.505703 0.057813 0.079848
1 0.461979 0.454848 0.039583 0.065589
1 0.510417 0.451046 0.039583 0.071293
4 0.175000 0.420627 0.080208 0.120722
3 0.328125 0.302757 0.063542 0.105513
