1 0.171615 0.752376 0.096354 0.107414
1 0.196875 0.688688 0.085417 0.101711
1 0.491406 0.645437 0.063021 0.098859
1 0.552344 0.597909 0.073438 0.091255
1 0.705469 0.590304 0.061979 0.072243
1 0.634896 0.546578 0.056250 0.072243
1 0.427865 0.586027 0.052604 0.075095
1 0.390104 0.566065 0.059375 0.075095
1 0.348958 0.508555 0.050000 0.064639
1 0.232031 0.547053 0.052604 0.069392
1 0.186198 0.528042 0.046354 0.069392
1 0.117969 0.596483 0.070312 0.078897
1 0.062760 0.586977 0.049479 0.080798
1 0.825000 0.693441 0.083333 0.105513
1 0.815104 0.571293 0.071875 0.085551
1 0.962500 0.647338 0.075000 0.087452
1 0.532813 0.432034 0.041667 0.059886
1 0.482552 0.426806 0.042188 0.057034
1 0.402344 0.383080 0.020313 0.060837
4 0.276823 0.326996 0.046354 0.072243
2 0.809375 0.866920 0.278125 0.146388
