1 0.097917 0.747148 0.086458 0.112167
1 0.275000 0.770437 0.098958 0.115019
1 0.435937 0.709601 0.080208 0.101711
1 0.384896 0.675380 0.073958 0.097909
1 0.585156 0.708650 0.090104 0.105513
1 0.800260 0.726236 0.079687 0.104563
1 0.676562 0.630228 0.085417 0.087452
1 0.959375 0.788498 0.076042 0.141635
1 0.836979 0.587928 0.077083 0.084601
1 0.721615 0.536597 0.050521 0.071293
1 0.659635 0.580323 0.070312 0.071293
1 0.561719 0.490019 0.051562 0.065589
1 0.499740 0.507605 0.055729 0.062738
1 0.431250 0.512357 0.050000 0.072243
1 0.344271 0.479563 0.040625 0.067490
1 0.403125 0.465304 0.045833 0.057985
4 0.076042 0.614544 0.151042 0.183460
4 0.454167 0.297053 0.053125 0.116920
