1 0.333854 0.785646 0.098958 0.113118
1 0.784375 0.734316 0.044792 0.120722
1 0.681510 0.587928 0.049479 0.097909
1 0.750000 0.569392 0.030208 0.098859
1 0.511458 0.550856 0.065625 0.080798
1 0.433594 0.558935 0.055729 0.070342
1 0.305729 0.639259 0.082292 0.097909
1 0.148698 0.634030 0.073438 0.091255
1 0.223698 0.632129 0.073438 0.095057
1 0.859635 0.572243 0.069271 0.095057
1 0.943750 0.547529 0.078125 0.085551
1 0.968229 0.635932 0.058333 0.106464
4 0.530208 0.420152 0.133333 0.142586
2 0.336458 0.553232 0.145833 0.085551
