1 0.064583 0.808935 0.086458 0.140684
1 0.230990 0.726711 0.086979 0.118821
1 0.333854 0.644011 0.081250 0.096008
1 0.418750 0.758555 0.090625 0.115970
1 0.524740 0.795627 0.105729 0.129278
1 0.828125 0.813688 0.106250 0.119772
1 0.683594 0.766635 0.095312 0.120722
1 0.492448 0.633555 0.052604 0.101711
1 0.355729 0.536597 0.063542 0.082700
1 0.172917 0.594106 0.065625 0.091255
1 0.104427 0.614544 0.061979 0.101711
1 0.064583 0.693441 0.082292 0.097909
1 0.164844 0.690114 0.074479 0.098859
1 0.265625 0.612643 0.068750 0.090304
1 0.503906 0.528992 0.048438 0.092205
1 0.475000 0.440589 0.046875 0.069392
1 0.681510 0.488593 0.032813 0.083650
1 0.677344 0.666825 0.077604 0.103612
1 0.828646 0.665399 0.076042 0.095057
1 0.952083 0.777091 0.095833 0.124525
1 0.866406 0.735741 0.089063 0.112167
1 0.946094 0.595057 0.090104 0.093156
1 0.865625 0.587452 0.075000 0.089354
1 0.814063 0.552757 0.073958 0.078897
1 0.944792 0.479563 0.036458 0.086502
1 0.577865 0.610266 0.070312 0.091255
1 0.609375 0.702471 0.085417 0.100760
1 0.596615 0.884030 0.104688 0.114068
1 0.372396 0.728137 0.084375 0.095057
1 0.611198 0.521863 0.070312 0.081749
2 0.392188 0.331749 0.032292 0.047529
