1 0.067187 0.654468 0.036458 0.105513
1 0.046615 0.610266 0.036979 0.114068
1 0.911198 0.531844 0.031771 0.084601
1 0.947135 0.513308 0.032813 0.079848
1 0.861458 0.482414 0.028125 0.069392
1 0.877865 0.440114 0.025521 0.066540
1 0.861979 0.408270 0.026042 0.054183
1 0.798698 0.413973 0.020313 0.063688
4 0.355208 0.401141 0.070833 0.134981
4 0.281250 0.400665 0.066667 0.124525
4 0.221875 0.386882 0.060417 0.112167
4 0.450260 0.293726 0.052604 0.138783
4 0.617188 0.277567 0.073958 0.121673
2 0.146354 0.830323 0.173958 0.225285
2 0.769010 0.505228 0.092188 0.096008
