4 0.431510 0.364544 0.046354 0.113118
1 0.433854 0.724810 0.096875 0.099810
1 0.540365 0.701046 0.086979 0.103612
1 0.443490 0.639259 0.078646 0.090304
1 0.326042 0.610266 0.057292 0.076046
1 0.249479 0.616445 0.059375 0.082700
1 0.185938 0.677281 0.063542 0.088403
1 0.128385 0.721008 0.078646 0.090304
1 0.826302 0.731939 0.090104 0.108365
1 0.772656 0.672053 0.067187 0.096958
1 0.700260 0.569392 0.059896 0.083650
1 0.779167 0.597909 0.073958 0.079848
1 0.862240 0.562738 0.064062 0.077947
1 0.944010 0.563688 0.070312 0.081749
1 0.932813 0.642586 0.080208 0.096958
1 0.527344 0.601711 0.066146 0.077947
1 0.467708 0.562262 0.058333 0.071293
1 0.573698 0.641160 0.068229 0.088403
1 0.403125 0.478137 0.046875 0.064639
1 0.344531 0.437738 0.035937 0.069392
