1 0.599740 0.726236 0.077604 0.119772
1 0.680729 0.764734 0.067708 0.116920
1 0.528385 0.588403 0.064062 0.095057
1 0.281771 0.666825 0.076042 0.094106
1 0.216667 0.591255 0.070833 0.081749
1 0.075521 0.658745 0.075000 0.087452
1 0.043490 0.518061 0.034896 0.083650
1 0.817187 0.577947 0.067708 0.087452
1 0.924479 0.594582 0.068750 0.075095
1 0.919010 0.541825 0.065104 0.072243
1 0.971094 0.630703 0.057813 0.076996
4 0.353125 0.560361 0.207292 0.154943
4 0.609375 0.474335 0.145833 0.178707
4 0.352083 0.564163 0.200000 0.160646
2 0.126302 0.759981 0.190104 0.149240
