1 0.424479 0.660171 0.068750 0.080798
1 0.423958 0.598859 0.071875 0.068441
1 0.572396 0.578422 0.057292 0.080798
1 0.653906 0.569392 0.059896 0.076046
1 0.682292 0.536597 0.059375 0.069392
1 0.624219 0.489068 0.048438 0.069392
1 0.559896 0.523289 0.030208 0.067490
1 0.478646 0.501426 0.045833 0.073194
1 0.319792 0.491445 0.039583 0.072243
1 0.762500 0.577947 0.063542 0.081749
1 0.835677 0.620247 0.070312 0.090304
1 0.936198 0.609791 0.066146 0.103612
1 0.897917 0.567015 0.046875 0.073194
1 0.852083 0.537072 0.069792 0.077947
4 0.301823 0.328422 0.045312 0.078897
4 0.392708 0.298004 0.050000 0.101711
