1 0.420312 0.655418 0.072917 0.088403
1 0.422396 0.603137 0.060417 0.073194
1 0.316406 0.487167 0.038021 0.075095
1 0.480469 0.498099 0.047396 0.074144
1 0.562760 0.514734 0.022396 0.075095
1 0.572917 0.576521 0.065625 0.092205
1 0.615885 0.487167 0.061979 0.067490
1 0.650781 0.569392 0.061979 0.076046
1 0.682552 0.531844 0.059896 0.069392
1 0.765365 0.575570 0.063021 0.080798
1 0.838802 0.618821 0.076563 0.087452
1 0.895312 0.564163 0.069792 0.071293
1 0.934635 0.613118 0.072396 0.093156
1 0.847135 0.529468 0.059896 0.070342
4 0.300521 0.327947 0.042708 0.076046
4 0.392969 0.301331 0.047396 0.110266
