0 0.415365 0.717205 0.025521 0.116920
1 0.572917 0.760932 0.093750 0.109316
1 0.491667 0.829373 0.097917 0.120722
1 0.725781 0.712452 0.086979 0.092205
1 0.559635 0.653517 0.078646 0.076996
1 0.444010 0.556559 0.059896 0.073194
1 0.607292 0.589354 0.070833 0.081749
1 0.709115 0.564639 0.078646 0.079848
1 0.816406 0.674430 0.076563 0.076996
1 0.814323 0.617871 0.079687 0.076046
1 0.914844 0.604563 0.072396 0.087452
1 0.837760 0.555133 0.070312 0.076046
1 0.360677 0.551331 0.053646 0.062738
1 0.339062 0.607890 0.062500 0.073194
1 0.365365 0.672053 0.068229 0.091255
1 0.311979 0.759030 0.084375 0.097909
1 0.105729 0.737167 0.083333 0.097909
1 0.045052 0.836027 0.089063 0.107414
1 0.192708 0.644962 0.068750 0.086502
1 0.127344 0.598859 0.051562 0.085551
1 0.209375 0.548954 0.040625 0.086502
1 0.252344 0.520437 0.050521 0.078897
1 0.368750 0.471483 0.050000 0.062738
1 0.085417 0.522814 0.032292 0.070342
1 0.056510 0.637833 0.069271 0.087452
4 0.382812 0.392586 0.122917 0.123574
4 0.460938 0.307985 0.041667 0.093156
4 0.584115 0.438213 0.000521 0.001901
