1 0.752344 0.665741 0.060937 0.242593
1 0.536719 0.359259 0.042188 0.179630
1 0.622135 0.328241 0.048438 0.160185
1 0.565885 0.226389 0.038021 0.152778
1 0.515885 0.162037 0.032813 0.133333
1 0.471094 0.113426 0.034896 0.126852
1 0.402344 0.078704 0.027604 0.120370
1 0.431250 0.066667 0.026042 0.120370
1 0.500260 0.076389 0.028646 0.112037
1 0.527344 0.116667 0.029687 0.129630
0 0.926562 0.349074 0.031250 0.185185
0 0.908333 0.239352 0.023958 0.152778
0 0.895312 0.234722 0.017708 0.149074
0 0.882812 0.210648 0.022917 0.136111
0 0.803646 0.078241 0.026042 0.113889
0 0.772656 0.056944 0.027604 0.112037
4 0.255729 0.348148 0.252083 0.662963
