1 0.588281 0.678704 0.041146 0.177778
1 0.630729 0.617593 0.036458 0.155556
1 0.616406 0.500000 0.028646 0.140741
1 0.652344 0.471296 0.035937 0.137037
1 0.647396 0.313426 0.029167 0.100926
1 0.566406 0.291667 0.024479 0.087037
1 0.592448 0.222222 0.016146 0.079630
1 0.627083 0.209722 0.014583 0.073148
1 0.549219 0.171296 0.017188 0.070370
1 0.514583 0.154167 0.015625 0.073148
1 0.597135 0.152778 0.014063 0.059259
1 0.586198 0.183796 0.015104 0.052778
1 0.626563 0.832870 0.047917 0.215741
1 0.718750 0.756481 0.043750 0.196296
1 0.732552 0.907407 0.060937 0.185185
1 0.864844 0.575000 0.032813 0.146296
1 0.850000 0.466204 0.033333 0.115741
0 0.801562 0.487963 0.030208 0.129630
0 0.912760 0.506481 0.023438 0.138889
3 0.398958 0.570370 0.141667 0.281481
4 0.330208 0.154630 0.096875 0.246296
