1 0.621875 0.873611 0.052083 0.232407
1 0.677865 0.787963 0.053646 0.194444
1 0.789583 0.857870 0.053125 0.199074
1 0.571094 0.487037 0.039062 0.142593
1 0.617969 0.355556 0.031771 0.127778
1 0.576562 0.233333 0.020833 0.083333
1 0.607292 0.207870 0.020833 0.076852
1 0.555469 0.175926 0.015104 0.074074
1 0.863542 0.580093 0.033333 0.156481
4 0.405990 0.169444 0.097396 0.209259
2 0.240885 0.191667 0.054688 0.079630
3 0.309115 0.083796 0.061979 0.132407
0 0.807552 0.455093 0.025521 0.128704
0 0.946875 0.508796 0.035417 0.162037
0 0.900521 0.483333 0.028125 0.142593
0 0.867969 0.431481 0.022396 0.131481
0 0.811198 0.325000 0.018229 0.103704
