1 0.798958 0.820370 0.047917 0.229630
1 0.645312 0.626389 0.041667 0.180556
1 0.680208 0.486574 0.031250 0.132407
1 0.621354 0.435648 0.033333 0.123148
1 0.556771 0.424537 0.026042 0.132407
1 0.541667 0.267593 0.021875 0.088889
1 0.594271 0.203704 0.019792 0.085185
1 0.863802 0.577315 0.033854 0.160185
4 0.433854 0.086574 0.071875 0.167593
2 0.196094 0.259722 0.079687 0.121296
2 0.303385 0.101389 0.040104 0.065741
2 0.707031 0.212037 0.064062 0.096296
0 0.813802 0.417593 0.025521 0.124074
0 0.971875 0.708796 0.041667 0.206481
0 0.894010 0.484259 0.025521 0.142593
0 0.909635 0.464352 0.022396 0.147222
0 0.867448 0.433796 0.021354 0.134259
