4 0.150260 0.485185 0.282813 0.605556
3 0.285677 0.816204 0.365104 0.367593
2 0.285156 0.125926 0.053646 0.074074
2 0.707552 0.216204 0.069271 0.100926
1 0.641927 0.664815 0.047396 0.185185
1 0.665365 0.583333 0.038021 0.155556
1 0.686458 0.453704 0.035417 0.122222
1 0.770312 0.921759 0.064583 0.156481
1 0.576823 0.345833 0.027604 0.113889
1 0.627604 0.313426 0.026042 0.100926
1 0.590104 0.275000 0.025000 0.092593
1 0.560937 0.233333 0.021875 0.088889
1 0.527865 0.152778 0.018229 0.070370
1 0.865104 0.581944 0.036458 0.150926
1 0.838281 0.493056 0.031771 0.132407
0 0.754687 0.223611 0.019792 0.084259
0 0.770833 0.336111 0.025000 0.109259
0 0.790365 0.323611 0.020313 0.108333
0 0.813542 0.394444 0.021875 0.114815
0 0.895312 0.475926 0.030208 0.146296
0 0.964583 0.654167 0.040625 0.191667
0 0.867708 0.432407 0.027083 0.125926
