1 0.581510 0.531944 0.045312 0.158333
1 0.645833 0.505556 0.038542 0.135185
1 0.865104 0.579630 0.035417 0.150000
1 0.839063 0.488889 0.035417 0.138889
1 0.824740 0.937963 0.068229 0.124074
1 0.552604 0.363889 0.031250 0.116667
1 0.612500 0.362500 0.032292 0.113889
1 0.643750 0.294444 0.023958 0.100000
1 0.604948 0.214815 0.018229 0.075926
1 0.557552 0.215278 0.021354 0.082407
1 0.574740 0.178704 0.018229 0.066667
0 0.968750 0.638889 0.032292 0.170370
0 0.888542 0.450000 0.026042 0.137037
0 0.867708 0.430556 0.019792 0.124074
0 0.773698 0.337500 0.017188 0.108333
0 0.784635 0.323611 0.014063 0.106481
0 0.825260 0.398611 0.022396 0.115741
0 0.903125 0.378704 0.019792 0.105556
0 0.857292 0.366667 0.017708 0.094444
3 0.399740 0.696296 0.284896 0.562963
2 0.229427 0.527778 0.126562 0.179630
4 0.279427 0.255093 0.149479 0.350926
2 0.173958 0.271759 0.066667 0.099074
2 0.333594 0.056944 0.039062 0.058333
2 0.696875 0.207870 0.063542 0.089815
