1 0.797917 0.782870 0.054167 0.212037
1 0.761719 0.571759 0.041146 0.163889
1 0.861979 0.578704 0.038542 0.161111
1 0.835938 0.490278 0.045833 0.152778
1 0.547396 0.281481 0.027083 0.055556
1 0.591146 0.234722 0.022917 0.080556
1 0.548438 0.217130 0.019792 0.078704
0 0.945833 0.597685 0.034375 0.162037
0 0.869792 0.438426 0.014583 0.139815
0 0.901042 0.383796 0.022917 0.119444
0 0.819010 0.368056 0.020313 0.117593
0 0.857031 0.360648 0.018229 0.084259
0 0.786979 0.338426 0.023958 0.097222
3 0.514583 0.519444 0.259375 0.429630
4 0.333333 0.138426 0.098958 0.249074
4 0.073698 0.716204 0.146354 0.567593
2 0.357292 0.296759 0.073958 0.115741
2 0.149740 0.306019 0.083854 0.125000
2 0.268490 0.139815 0.044271 0.077778
2 0.666146 0.183333 0.070833 0.088889
