1 0.624219 0.870833 0.063021 0.197222
1 0.757552 0.902315 0.063021 0.173148
1 0.836458 0.855556 0.060417 0.238889
1 0.747396 0.606481 0.042708 0.166667
1 0.863281 0.580093 0.031771 0.156481
1 0.838802 0.487037 0.035937 0.138889
1 0.733854 0.384259 0.030208 0.127778
1 0.567969 0.213426 0.019271 0.076852
0 0.923958 0.569907 0.031250 0.158333
0 0.871094 0.439815 0.019271 0.137037
0 0.900260 0.381944 0.023438 0.117593
0 0.819271 0.345833 0.016667 0.108333
0 0.858333 0.365278 0.019792 0.093519
0 0.795052 0.338426 0.014063 0.104630
0 0.778125 0.326389 0.015625 0.108333
0 0.776302 0.236111 0.015104 0.083333
0 0.737240 0.185185 0.014063 0.081481
2 0.628125 0.154167 0.064583 0.080556
2 0.414323 0.171296 0.054688 0.083333
2 0.251563 0.164352 0.059375 0.082407
2 0.317708 0.068519 0.023958 0.051852
3 0.604427 0.403241 0.216146 0.336111
4 0.153646 0.472685 0.252083 0.589815
4 0.362500 0.083796 0.070833 0.165741
