1 0.535937 0.547685 0.040625 0.158333
1 0.575000 0.605093 0.037500 0.178704
1 0.616667 0.802778 0.047917 0.222222
1 0.644792 0.729630 0.036458 0.194444
1 0.727344 0.619907 0.051562 0.176852
1 0.743490 0.907870 0.061979 0.184259
1 0.840625 0.924074 0.072917 0.151852
1 0.641667 0.611111 0.045833 0.124074
1 0.864323 0.578704 0.033854 0.159259
1 0.675000 0.511111 0.036458 0.144444
0 0.825521 0.513889 0.027083 0.135185
0 0.903385 0.491204 0.036979 0.145370
0 0.869010 0.440278 0.020313 0.134259
0 0.899740 0.379167 0.023438 0.113889
0 0.828125 0.326389 0.018750 0.110185
0 0.856771 0.365278 0.020833 0.093519
0 0.797135 0.338889 0.011979 0.103704
0 0.776302 0.327315 0.016146 0.102778
0 0.788281 0.333333 0.011979 0.101852
0 0.777344 0.234722 0.015104 0.076852
0 0.755729 0.196759 0.013542 0.082407
4 0.274219 0.252315 0.143229 0.362037
4 0.383854 0.054630 0.063542 0.107407
3 0.661719 0.339815 0.172396 0.307407
3 0.264323 0.882407 0.317188 0.235185
2 0.235417 0.579630 0.125000 0.175926
2 0.063021 0.448611 0.111458 0.149074
2 0.173958 0.272685 0.071875 0.121296
2 0.441927 0.092593 0.043229 0.072222
2 0.590104 0.128241 0.048958 0.075000
