1 0.211979 0.296759 0.031250 0.097222
1 0.514844 0.360648 0.025521 0.112037
1 0.535417 0.394907 0.029167 0.128704
1 0.604688 0.417593 0.028125 0.116667
1 0.652344 0.906019 0.058854 0.187963
1 0.732292 0.640741 0.051042 0.177778
1 0.609375 0.698611 0.051042 0.195370
1 0.664323 0.603241 0.036979 0.165741
1 0.584115 0.584722 0.046354 0.163889
1 0.639844 0.469907 0.041146 0.136111
1 0.727083 0.441667 0.048958 0.129630
1 0.566667 0.501852 0.032292 0.131481
1 0.604948 0.517593 0.030729 0.127778
1 0.558333 0.451389 0.029167 0.113889
1 0.864323 0.580556 0.038021 0.162963
0 0.775521 0.459259 0.021875 0.131481
0 0.901302 0.422222 0.023438 0.127778
0 0.856771 0.470833 0.023958 0.132407
0 0.796615 0.342130 0.013021 0.108333
0 0.776563 0.326389 0.016667 0.102778
0 0.811458 0.321296 0.014583 0.101852
0 0.764062 0.207407 0.015625 0.081481
2 0.376563 0.313889 0.072917 0.100000
2 0.198958 0.242593 0.064583 0.090741
2 0.259635 0.156019 0.056771 0.084259
2 0.453646 0.037500 0.032292 0.050926
2 0.562760 0.104167 0.049479 0.069444
3 0.683594 0.293519 0.127604 0.261111
3 0.364844 0.697685 0.216146 0.473148
3 0.085677 0.377315 0.116146 0.158333
4 0.086719 0.726852 0.172396 0.546296
4 0.329948 0.138889 0.094271 0.250000
