1 0.730208 0.875926 0.052083 0.227778
1 0.783594 0.759722 0.049479 0.208333
1 0.672917 0.664815 0.044792 0.194444
1 0.603125 0.599537 0.041667 0.171296
1 0.554167 0.544907 0.038542 0.158333
1 0.599219 0.457870 0.031771 0.128704
1 0.655729 0.525000 0.033333 0.144444
1 0.861458 0.579630 0.035417 0.164815
1 0.850781 0.469444 0.031771 0.124074
1 0.677344 0.425463 0.027604 0.130556
0 0.791667 0.462037 0.025000 0.131481
0 0.915625 0.508333 0.023958 0.150000
0 0.900521 0.383796 0.018750 0.117593
0 0.863542 0.416204 0.017708 0.115741
0 0.786719 0.226389 0.014063 0.091667
4 0.139844 0.503241 0.226562 0.408333
4 0.094010 0.748148 0.186979 0.503704
3 0.414583 0.760648 0.241667 0.478704
3 0.487500 0.371759 0.108333 0.191667
4 0.364063 0.087963 0.065625 0.174074
2 0.156771 0.275463 0.088542 0.067593
2 0.528906 0.059722 0.077604 0.047222
