1 0.728906 0.813889 0.054688 0.216667
1 0.777865 0.928241 0.060937 0.143519
1 0.863542 0.577778 0.034375 0.168519
1 0.648698 0.627778 0.044271 0.174074
1 0.626042 0.559722 0.034375 0.165741
1 0.662240 0.480556 0.035937 0.151852
1 0.587760 0.490741 0.036979 0.135185
1 0.634115 0.390741 0.032813 0.127778
1 0.559635 0.432407 0.030729 0.127778
1 0.602344 0.429630 0.027604 0.098148
1 0.532031 0.376852 0.025521 0.114815
1 0.548177 0.238426 0.021354 0.086111
1 0.585677 0.354167 0.024479 0.102778
1 0.598437 0.251852 0.017708 0.088889
1 0.590885 0.308333 0.022396 0.085185
1 0.523438 0.322222 0.027083 0.092593
0 0.971875 0.615741 0.032292 0.157407
0 0.824479 0.440741 0.027083 0.122222
0 0.864323 0.428704 0.026562 0.120370
0 0.769531 0.381481 0.026562 0.120370
0 0.900521 0.382870 0.022917 0.121296
0 0.797917 0.336111 0.018750 0.105556
0 0.784635 0.281019 0.015104 0.099074
0 0.811979 0.321296 0.017708 0.100000
2 0.435937 0.178704 0.050000 0.075926
2 0.267708 0.142130 0.043750 0.063889
2 0.313802 0.086111 0.040104 0.055556
2 0.528646 0.080556 0.046875 0.059259
2 0.023438 0.555093 0.045833 0.195370
2 0.379427 0.942593 0.191146 0.114815
4 0.366146 0.084259 0.068750 0.166667
4 0.238021 0.353241 0.151042 0.312037
3 0.691146 0.276852 0.108333 0.266667
3 0.419010 0.524074 0.161979 0.368519
