1 0.746615 0.880556 0.065104 0.214815
1 0.608073 0.652315 0.042188 0.178704
1 0.775781 0.628704 0.039062 0.166667
1 0.660156 0.566667 0.036979 0.164815
1 0.864844 0.581019 0.036979 0.158333
1 0.620573 0.454630 0.030729 0.131481
1 0.552604 0.392593 0.030208 0.120370
1 0.604688 0.374074 0.030208 0.120370
1 0.567448 0.269444 0.021354 0.083333
1 0.616146 0.222222 0.018750 0.079630
0 0.952865 0.584722 0.031771 0.152778
0 0.865104 0.434259 0.018750 0.129630
0 0.813021 0.419907 0.023958 0.128704
0 0.900260 0.382407 0.022396 0.118519
0 0.810677 0.320833 0.021354 0.097222
0 0.782292 0.328241 0.014583 0.110185
0 0.767448 0.343981 0.018229 0.104630
0 0.750000 0.331019 0.018750 0.095370
3 0.459896 0.419907 0.133333 0.295370
3 0.691667 0.266667 0.109375 0.248148
4 0.137500 0.475000 0.273958 0.579630
4 0.322656 0.185185 0.096354 0.211111
4 0.383073 0.055093 0.057813 0.106481
2 0.457031 0.097685 0.035937 0.056481
2 0.488021 0.052778 0.041667 0.059259
2 0.258333 0.174537 0.037500 0.076852
2 0.453646 0.847685 0.191667 0.289815
2 0.311719 0.069444 0.030729 0.035185
3 0.277604 0.108333 0.045833 0.070370
