1 0.758333 0.868519 0.051042 0.220370
1 0.702344 0.829167 0.043229 0.213889
1 0.733854 0.754630 0.040625 0.172222
1 0.696615 0.665741 0.046354 0.170370
1 0.863021 0.576389 0.037500 0.154630
1 0.672656 0.586111 0.044271 0.153704
1 0.689844 0.470833 0.032813 0.137963
1 0.577083 0.496759 0.034375 0.137963
1 0.627083 0.427778 0.031250 0.137037
1 0.588281 0.405556 0.028646 0.101852
1 0.570312 0.318056 0.023958 0.102778
1 0.593490 0.281944 0.027604 0.106481
0 0.986719 0.603241 0.026562 0.165741
0 0.937760 0.551852 0.035937 0.146296
0 0.864844 0.434722 0.021354 0.130556
0 0.816146 0.395370 0.026042 0.124074
0 0.901563 0.380556 0.020833 0.109259
0 0.784375 0.319444 0.018750 0.096296
0 0.782292 0.243056 0.011458 0.084259
0 0.761458 0.241204 0.012500 0.080556
0 0.748698 0.323148 0.018229 0.105556
0 0.857292 0.367130 0.020833 0.095370
2 0.535417 0.743981 0.200000 0.265741
2 0.460938 0.055556 0.030208 0.048148
3 0.690885 0.266667 0.107813 0.246296
3 0.489323 0.342130 0.118229 0.260185
4 0.245833 0.719907 0.244792 0.560185
4 0.187500 0.408333 0.146875 0.296296
4 0.362760 0.101389 0.071354 0.160185
4 0.279687 0.235185 0.136458 0.350000
