1 0.815365 0.733796 0.042188 0.200926
1 0.771354 0.627778 0.040625 0.164815
1 0.864062 0.577778 0.035417 0.161111
1 0.713021 0.597222 0.035417 0.162963
1 0.668490 0.534722 0.030729 0.128704
1 0.581510 0.486111 0.032813 0.146296
1 0.624219 0.471296 0.033854 0.131481
1 0.540104 0.409259 0.030208 0.122222
1 0.624479 0.381481 0.027083 0.092593
0 0.953906 0.559259 0.032813 0.151852
0 0.915625 0.513889 0.025000 0.137037
0 0.865104 0.434259 0.020833 0.129630
0 0.899479 0.386111 0.023958 0.112963
0 0.810156 0.374537 0.021354 0.113889
0 0.757552 0.322685 0.021354 0.099074
0 0.755990 0.256481 0.018229 0.077778
0 0.786719 0.277315 0.013021 0.082407
0 0.777865 0.254630 0.017188 0.094444
0 0.832552 0.331944 0.024479 0.100926
4 0.300260 0.462037 0.160938 0.412963
4 0.322396 0.190278 0.103125 0.147222
3 0.514323 0.290741 0.109896 0.225926
3 0.691667 0.272222 0.112500 0.257407
2 0.602344 0.672685 0.186979 0.249074
2 0.128125 0.338426 0.088542 0.117593
4 0.336719 0.101852 0.088021 0.201852
