1 0.664062 0.917130 0.054167 0.165741
1 0.737760 0.535648 0.032813 0.154630
1 0.680729 0.463889 0.029167 0.125926
1 0.577604 0.444907 0.027083 0.125000
1 0.597396 0.422222 0.020833 0.122222
1 0.538542 0.375926 0.029167 0.118519
1 0.511198 0.328241 0.028646 0.106481
1 0.600000 0.317130 0.021875 0.087963
1 0.584896 0.360185 0.029167 0.083333
1 0.627865 0.259259 0.021354 0.094444
0 0.856771 0.683796 0.041667 0.184259
0 0.932813 0.520370 0.022917 0.146296
0 0.891927 0.481019 0.028646 0.130556
0 0.864583 0.436111 0.017708 0.125926
0 0.812760 0.358333 0.020313 0.111111
0 0.900521 0.383796 0.019792 0.110185
0 0.769271 0.311111 0.018750 0.105556
0 0.753906 0.216667 0.014063 0.085185
4 0.370052 0.068056 0.061979 0.134259
4 0.405469 0.106019 0.065104 0.132407
4 0.347917 0.269907 0.108333 0.267593
2 0.246875 0.169907 0.060417 0.073148
2 0.197135 0.310185 0.086979 0.129630
2 0.664323 0.629167 0.170313 0.223148
3 0.691146 0.275463 0.113542 0.254630
3 0.539323 0.236111 0.098437 0.192593
