1 0.686198 0.923611 0.066146 0.152778
1 0.664062 0.843056 0.052083 0.199074
1 0.655990 0.690741 0.043229 0.151852
1 0.575260 0.684722 0.042188 0.189815
1 0.863021 0.576852 0.035417 0.162963
1 0.631771 0.412500 0.031250 0.132407
1 0.591667 0.365278 0.027083 0.112037
1 0.557031 0.338889 0.022396 0.103704
1 0.471094 0.311111 0.026562 0.092593
1 0.521094 0.293056 0.023438 0.097222
1 0.491927 0.267130 0.023438 0.087963
1 0.582552 0.275000 0.017188 0.087037
1 0.569010 0.312037 0.018229 0.116667
0 0.804427 0.510185 0.030729 0.150000
0 0.909375 0.491204 0.028125 0.137963
0 0.887500 0.451852 0.021875 0.125926
0 0.864323 0.434722 0.018229 0.126852
0 0.902604 0.379167 0.018750 0.106481
0 0.778906 0.290741 0.018229 0.101852
0 0.752083 0.323148 0.020833 0.107407
0 0.809375 0.334722 0.017708 0.104630
4 0.120052 0.557870 0.205729 0.406481
4 0.386198 0.168981 0.083854 0.206481
4 0.438021 0.058796 0.050000 0.115741
3 0.568750 0.202778 0.092708 0.166667
3 0.692448 0.266204 0.111979 0.247222
2 0.708854 0.572222 0.157292 0.201852
2 0.304688 0.086111 0.039583 0.055556
2 0.314844 0.153704 0.057813 0.088889
