1 0.676042 0.795833 0.045833 0.208333
1 0.638542 0.635648 0.039583 0.158333
1 0.864062 0.579167 0.033333 0.158333
1 0.595573 0.500926 0.031771 0.142593
1 0.505208 0.517593 0.034375 0.144444
1 0.545833 0.468056 0.029167 0.126852
1 0.596354 0.320370 0.025000 0.100000
1 0.579427 0.286574 0.020313 0.091667
1 0.538542 0.278704 0.018750 0.090741
1 0.460417 0.206944 0.020833 0.075000
1 0.515365 0.219907 0.021354 0.080556
0 0.894792 0.465278 0.021875 0.132407
0 0.865104 0.433796 0.020833 0.126852
0 0.777604 0.395833 0.028125 0.119444
0 0.794792 0.320833 0.021875 0.104630
0 0.816406 0.324537 0.020313 0.097222
3 0.611198 0.168056 0.096354 0.158333
3 0.690885 0.276389 0.115104 0.254630
2 0.735156 0.522685 0.117188 0.186111
2 0.339323 0.035648 0.034896 0.047222
4 0.210938 0.662037 0.370833 0.675926
4 0.278125 0.242593 0.110417 0.187037
4 0.410417 0.099074 0.067708 0.159259
