1 0.778385 0.577778 0.039062 0.161111
1 0.863542 0.578704 0.034375 0.166667
1 0.848958 0.467130 0.030208 0.119444
1 0.695052 0.460185 0.032813 0.142593
1 0.651302 0.473611 0.019271 0.137963
1 0.657813 0.335648 0.027083 0.112037
1 0.503646 0.345833 0.025000 0.106481
1 0.614844 0.292593 0.022396 0.088889
1 0.657552 0.243056 0.023438 0.082407
1 0.625000 0.275463 0.020833 0.100926
1 0.613802 0.155093 0.016146 0.071296
0 0.915885 0.509722 0.029687 0.149074
0 0.811198 0.445370 0.016146 0.125926
0 0.900260 0.382407 0.020313 0.112963
0 0.866146 0.414352 0.018750 0.115741
0 0.788281 0.226852 0.015104 0.088889
4 0.295312 0.375926 0.120833 0.307407
4 0.269792 0.271296 0.126042 0.253704
3 0.541406 0.268519 0.081771 0.146296
3 0.545573 0.521296 0.197396 0.353704
2 0.093490 0.375000 0.102604 0.144444
2 0.264844 0.123148 0.057813 0.050000
2 0.481771 0.051389 0.045833 0.054630
