1 0.599219 0.838426 0.044271 0.221296
1 0.634375 0.768981 0.040625 0.189815
1 0.864062 0.582407 0.033333 0.155556
1 0.553385 0.629630 0.031771 0.151852
1 0.604167 0.538426 0.033333 0.149074
1 0.537500 0.547222 0.035417 0.137037
1 0.608333 0.434259 0.031250 0.107407
1 0.589063 0.356019 0.023958 0.112037
1 0.554948 0.322222 0.025521 0.098148
1 0.505990 0.319907 0.024479 0.106481
1 0.604688 0.242593 0.018750 0.090741
1 0.585417 0.225000 0.019792 0.083333
0 0.895312 0.446759 0.020833 0.121296
0 0.863802 0.435648 0.023438 0.130556
0 0.762760 0.335185 0.018229 0.118519
0 0.779427 0.318519 0.020313 0.116667
0 0.797656 0.300463 0.019271 0.097222
0 0.821875 0.328241 0.018750 0.099074
2 0.728385 0.493056 0.104688 0.175000
3 0.690625 0.271759 0.118750 0.262037
3 0.635677 0.137963 0.065104 0.140741
4 0.334635 0.327315 0.140104 0.443519
4 0.433073 0.058796 0.055729 0.115741
