1 0.646875 0.922685 0.068750 0.154630
1 0.753646 0.921759 0.058333 0.156481
1 0.566146 0.753704 0.041667 0.205556
1 0.595313 0.699537 0.034375 0.178704
1 0.525521 0.469907 0.030208 0.134259
1 0.558594 0.426852 0.025521 0.124074
1 0.583073 0.381019 0.023438 0.115741
1 0.500781 0.365278 0.025521 0.112037
1 0.529167 0.319907 0.023958 0.100926
1 0.554427 0.287037 0.019271 0.096296
0 0.798177 0.505556 0.033854 0.135185
0 0.864062 0.434722 0.019792 0.125000
0 0.892448 0.437500 0.023438 0.123148
0 0.801042 0.357870 0.019792 0.119444
0 0.786198 0.283333 0.016146 0.098148
2 0.732812 0.485185 0.125000 0.174074
2 0.253906 0.163426 0.057813 0.069444
3 0.635677 0.112500 0.061979 0.132407
3 0.693490 0.267593 0.104688 0.238889
4 0.429427 0.090278 0.072396 0.178704
