1 0.584635 0.843056 0.048438 0.208333
1 0.626302 0.773611 0.035937 0.213889
1 0.663021 0.665741 0.042708 0.175926
1 0.622917 0.584259 0.042708 0.164815
1 0.544271 0.604630 0.036458 0.168519
1 0.580990 0.516667 0.034896 0.144444
1 0.498177 0.410648 0.026562 0.119444
1 0.531510 0.402778 0.025521 0.112963
1 0.511719 0.277315 0.018229 0.095370
1 0.534115 0.259259 0.020313 0.094444
1 0.571354 0.254167 0.021875 0.091667
0 0.821354 0.516204 0.035417 0.150926
0 0.802344 0.383796 0.022396 0.132407
0 0.869010 0.433796 0.027604 0.126852
0 0.894271 0.426389 0.020833 0.126852
0 0.784896 0.273611 0.014583 0.095370
0 0.823177 0.329630 0.017188 0.101852
2 0.236458 0.437500 0.101042 0.147222
2 0.059896 0.482407 0.116667 0.177778
2 0.724740 0.485185 0.102604 0.168519
3 0.633854 0.118981 0.063542 0.141667
3 0.693490 0.268056 0.108854 0.250926
2 0.325781 0.059259 0.035937 0.051852
