1 0.635938 0.752778 0.052083 0.207407
1 0.470313 0.535185 0.030208 0.155556
1 0.865365 0.576852 0.030729 0.153704
1 0.585938 0.441667 0.032292 0.122222
1 0.575521 0.404630 0.027083 0.114815
1 0.526302 0.444444 0.027604 0.127778
1 0.486719 0.447685 0.029687 0.126852
1 0.511979 0.343056 0.021875 0.106481
1 0.550521 0.312037 0.028125 0.100000
1 0.525000 0.252778 0.019792 0.077778
1 0.490365 0.248148 0.019271 0.087037
0 0.802083 0.407407 0.030208 0.127778
0 0.866406 0.432870 0.023438 0.115741
0 0.894010 0.487037 0.023438 0.135185
0 0.823698 0.331944 0.018229 0.104630
0 0.780469 0.236574 0.016146 0.089815
3 0.691406 0.265278 0.111979 0.260185
3 0.636719 0.112500 0.060937 0.132407
2 0.705469 0.466667 0.124479 0.172222
2 0.337240 0.180556 0.059896 0.083333
2 0.231510 0.214352 0.064062 0.097222
2 0.232813 0.456019 0.102083 0.145370
