1 0.865365 0.580093 0.032813 0.156481
1 0.465104 0.426852 0.029167 0.131481
1 0.487500 0.372685 0.023958 0.115741
1 0.505729 0.314815 0.027083 0.096296
1 0.531510 0.287037 0.021354 0.101852
1 0.567448 0.239352 0.019271 0.084259
1 0.523698 0.208333 0.017188 0.075926
0 0.895573 0.461574 0.021354 0.136111
0 0.804688 0.342593 0.016667 0.114815
0 0.780729 0.237037 0.015625 0.085185
0 0.823438 0.328241 0.018750 0.102778
3 0.691667 0.230556 0.104167 0.222222
3 0.634896 0.112963 0.063542 0.137037
2 0.613281 0.398611 0.120313 0.162037
2 0.390885 0.093519 0.040104 0.061111
2 0.345573 0.038426 0.034896 0.056481
