1 0.863542 0.578704 0.036458 0.162963
1 0.628646 0.846759 0.057292 0.226852
1 0.620573 0.541667 0.041146 0.155556
1 0.436458 0.231944 0.019792 0.082407
1 0.500781 0.232407 0.019271 0.088889
0 0.915104 0.470370 0.020833 0.151852
0 0.892448 0.451389 0.022396 0.128704
0 0.866667 0.430556 0.019792 0.120370
0 0.817969 0.362963 0.020313 0.107407
0 0.781771 0.235648 0.015625 0.087963
2 0.566927 0.351389 0.095312 0.139815
2 0.409375 0.031019 0.030208 0.047222
2 0.028385 0.626389 0.055729 0.193519
3 0.674479 0.201389 0.104167 0.202778
3 0.632812 0.109722 0.059375 0.123148
