4 0.424740 0.351711 0.085938 0.133080
4 0.396094 0.278992 0.052604 0.115019
1 0.107292 0.618821 0.064583 0.087452
1 0.047656 0.564163 0.056771 0.073194
1 0.177604 0.600760 0.075000 0.093156
1 0.319010 0.584601 0.070312 0.083650
1 0.451562 0.473859 0.034375 0.073194
1 0.513281 0.498099 0.045312 0.081749
1 0.620833 0.493346 0.043750 0.070342
1 0.848698 0.791825 0.045312 0.150190
1 0.791927 0.773289 0.041146 0.135932
1 0.607292 0.603137 0.077083 0.090304
3 0.624740 0.427757 0.071354 0.087452
2 0.310417 0.328897 0.041667 0.047529
3 0.263802 0.326996 0.049479 0.074144
3 0.548438 0.750475 0.367708 0.381179
