1 0.864062 0.578704 0.036458 0.164815
1 0.701823 0.678704 0.043229 0.187037
1 0.649219 0.374074 0.027604 0.114815
1 0.587500 0.305556 0.025000 0.100000
1 0.616927 0.254630 0.022396 0.098148
0 0.938542 0.544444 0.029167 0.164815
0 0.888542 0.444907 0.020833 0.132407
0 0.816667 0.338889 0.017708 0.105556
0 0.778125 0.278704 0.016667 0.094444
4 0.412240 0.191204 0.098437 0.286111
2 0.536979 0.257870 0.056250 0.112037
2 0.304948 0.118519 0.046354 0.072222
2 0.357031 0.151389 0.035937 0.086111
2 0.065365 0.450926 0.118229 0.150000
3 0.646094 0.159722 0.103646 0.178704
