1 0.746615 0.894444 0.065104 0.211111
1 0.863021 0.578704 0.035417 0.166667
1 0.632552 0.646759 0.043229 0.182407
1 0.661979 0.564815 0.037500 0.166667
1 0.626302 0.387037 0.028646 0.120370
1 0.671615 0.284259 0.022396 0.094444
1 0.605990 0.226852 0.022396 0.088889
1 0.580729 0.231944 0.023958 0.086111
0 0.953646 0.579630 0.028125 0.174074
0 0.969010 0.518056 0.026562 0.173148
0 0.889062 0.444444 0.019792 0.129630
0 0.810156 0.347685 0.019271 0.106481
0 0.770312 0.286574 0.015625 0.104630
3 0.044271 0.450463 0.087500 0.350926
3 0.642188 0.162500 0.104167 0.186111
4 0.208594 0.412037 0.183854 0.366667
4 0.239063 0.200000 0.088542 0.120370
4 0.441406 0.101852 0.069271 0.201852
2 0.528125 0.222222 0.064583 0.103704
2 0.396615 0.059259 0.030729 0.053704
2 0.351562 0.045370 0.040625 0.051852
