1 0.730729 0.646759 0.040625 0.162037
1 0.864062 0.572222 0.030208 0.144444
1 0.632292 0.516204 0.033333 0.145370
1 0.580208 0.357870 0.025000 0.115741
1 0.595313 0.328704 0.022917 0.101852
1 0.592448 0.253704 0.018229 0.074074
1 0.715365 0.232407 0.020313 0.085185
1 0.577083 0.185185 0.022917 0.077778
1 0.549740 0.176852 0.018229 0.070370
0 0.967708 0.624074 0.030208 0.185185
0 0.916667 0.473148 0.027083 0.157407
0 0.889062 0.444444 0.016667 0.129630
0 0.814063 0.354167 0.013542 0.089815
0 0.773958 0.298148 0.013542 0.101852
0 0.825000 0.327778 0.013542 0.098148
2 0.503906 0.178241 0.054688 0.091667
2 0.052083 0.510648 0.103125 0.176852
3 0.204948 0.189815 0.099479 0.194444
3 0.639062 0.156019 0.098958 0.171296
4 0.304948 0.211574 0.103646 0.236111
4 0.348958 0.100926 0.052083 0.124074
