1 0.862240 0.576852 0.039062 0.166667
1 0.642969 0.387500 0.025521 0.113889
1 0.588542 0.339352 0.026042 0.108333
1 0.557292 0.235185 0.019792 0.087037
1 0.544792 0.219444 0.014583 0.088889
1 0.556510 0.175463 0.018229 0.058333
1 0.709375 0.195370 0.017708 0.075926
0 0.910937 0.457870 0.028125 0.139815
0 0.872917 0.444907 0.020833 0.149074
0 0.769531 0.314352 0.020313 0.110185
4 0.208073 0.385648 0.154688 0.343519
4 0.356771 0.113426 0.064583 0.154630
3 0.296094 0.078241 0.065104 0.123148
3 0.637500 0.159259 0.100000 0.170370
2 0.484896 0.137963 0.051042 0.081481
2 0.229167 0.191667 0.060417 0.048148
