1 0.611198 0.787963 0.048438 0.227778
1 0.864323 0.573611 0.038021 0.160185
1 0.652083 0.525926 0.040625 0.164815
1 0.607031 0.272685 0.022396 0.099074
1 0.550521 0.232870 0.020833 0.082407
0 0.911979 0.480556 0.027083 0.144444
0 0.766667 0.329630 0.018750 0.112963
0 0.798177 0.320370 0.016146 0.111111
0 0.827083 0.326389 0.014583 0.089815
2 0.170313 0.264815 0.079167 0.112963
2 0.470573 0.096759 0.045312 0.073148
3 0.635938 0.155093 0.102083 0.171296
4 0.312240 0.198148 0.097396 0.225926
4 0.383333 0.058796 0.057292 0.110185
