1 0.590625 0.711111 0.046875 0.196296
1 0.754427 0.718981 0.047396 0.193519
1 0.686458 0.509722 0.033333 0.137963
1 0.863021 0.579167 0.037500 0.165741
1 0.569792 0.455093 0.030208 0.137963
1 0.609375 0.411111 0.031250 0.118519
1 0.581771 0.286574 0.023958 0.093519
1 0.696354 0.245833 0.021875 0.087963
0 0.880469 0.493519 0.021354 0.133333
0 0.902344 0.443519 0.021354 0.120370
0 0.764062 0.364352 0.021875 0.113889
0 0.801562 0.364815 0.025000 0.124074
0 0.771615 0.314815 0.016146 0.107407
0 0.830729 0.329630 0.025000 0.101852
2 0.377083 0.468519 0.104167 0.177778
2 0.324740 0.047222 0.038021 0.053704
4 0.361979 0.139815 0.060417 0.094444
3 0.625260 0.142593 0.119271 0.166667
4 0.169010 0.444907 0.251563 0.525000
4 0.383594 0.050926 0.052604 0.100000
