1 0.723958 0.812963 0.052083 0.222222
1 0.640625 0.655093 0.038542 0.187963
1 0.864323 0.579167 0.029687 0.150926
1 0.853125 0.465278 0.028125 0.126852
1 0.734375 0.368981 0.031250 0.112037
1 0.506510 0.251389 0.019271 0.086111
1 0.566146 0.307870 0.022917 0.095370
1 0.584635 0.276852 0.023438 0.096296
1 0.657031 0.223611 0.025521 0.078704
0 0.913542 0.508796 0.019792 0.147222
0 0.820833 0.443056 0.026042 0.134259
0 0.900781 0.377315 0.021354 0.104630
0 0.786198 0.228704 0.015104 0.092593
3 0.640625 0.397222 0.153125 0.277778
4 0.374219 0.214815 0.085938 0.212963
4 0.332031 0.161111 0.092188 0.198148
2 0.241146 0.177778 0.059375 0.085185
2 0.162760 0.284722 0.088021 0.125000
3 0.566667 0.215278 0.079167 0.134259
