1 0.674740 0.931019 0.065104 0.137963
1 0.691146 0.619907 0.041667 0.175000
1 0.862240 0.573611 0.036979 0.156481
1 0.667188 0.450463 0.031250 0.132407
1 0.535937 0.377778 0.026042 0.120370
1 0.657292 0.345833 0.023958 0.091667
1 0.539583 0.278241 0.020833 0.091667
1 0.559896 0.266667 0.020833 0.090741
1 0.577865 0.226389 0.019271 0.084259
1 0.706771 0.196296 0.021875 0.079630
0 0.898438 0.502315 0.032292 0.154630
0 0.760938 0.386111 0.025000 0.120370
0 0.797396 0.335185 0.025000 0.127778
0 0.780990 0.308796 0.019271 0.115741
3 0.162500 0.431944 0.219792 0.439815
3 0.623177 0.142593 0.120313 0.166667
2 0.423698 0.218981 0.054688 0.104630
4 0.295833 0.228241 0.134375 0.323148
