1 0.523698 0.529630 0.033854 0.159259
1 0.556771 0.480556 0.032292 0.129630
1 0.720313 0.936111 0.061458 0.127778
1 0.783594 0.838889 0.059896 0.222222
1 0.864583 0.579167 0.034375 0.162037
1 0.646354 0.409259 0.029167 0.124074
1 0.649219 0.318056 0.026562 0.089815
1 0.656510 0.263889 0.020313 0.077778
1 0.509635 0.238426 0.020313 0.089815
1 0.556250 0.194907 0.019792 0.082407
0 0.902344 0.513426 0.035937 0.139815
0 0.759115 0.409722 0.025521 0.126852
0 0.785156 0.309722 0.021354 0.113889
4 0.152344 0.518981 0.167187 0.332407
3 0.282813 0.226852 0.117708 0.264815
3 0.619531 0.144907 0.120313 0.169444
2 0.439063 0.113889 0.038542 0.081481
4 0.345052 0.120833 0.098437 0.210185
