1 0.720833 0.840278 0.051042 0.225000
1 0.685156 0.650000 0.039062 0.161111
1 0.863802 0.578704 0.038021 0.166667
1 0.663281 0.531944 0.036979 0.154630
1 0.471094 0.287500 0.023438 0.102778
1 0.512240 0.289815 0.026562 0.107407
1 0.643229 0.303241 0.020833 0.097222
1 0.669531 0.251852 0.019271 0.087037
0 0.902865 0.508333 0.036979 0.140741
0 0.789062 0.457407 0.021875 0.135185
0 0.753385 0.422685 0.024479 0.132407
0 0.777604 0.289352 0.020833 0.104630
4 0.269792 0.280556 0.095833 0.211111
4 0.376563 0.066667 0.065625 0.131481
3 0.337240 0.121759 0.081771 0.182407
3 0.612240 0.139815 0.119271 0.170370
3 0.577865 0.068519 0.084896 0.103704
