1 0.738542 0.680093 0.034375 0.184259
1 0.613542 0.636574 0.036458 0.178704
1 0.863802 0.575463 0.035937 0.158333
1 0.656771 0.463889 0.027083 0.135185
1 0.618490 0.390741 0.028646 0.111111
1 0.661979 0.344907 0.027083 0.100926
1 0.674219 0.238426 0.018229 0.078704
1 0.699479 0.207870 0.018750 0.071296
1 0.498698 0.187500 0.019271 0.075000
1 0.472135 0.177778 0.018229 0.077778
0 0.901563 0.506944 0.038542 0.139815
0 0.794531 0.459259 0.029687 0.122222
0 0.757812 0.456019 0.026042 0.141667
0 0.776823 0.278241 0.021354 0.104630
3 0.612760 0.131944 0.119271 0.167593
3 0.542448 0.058333 0.076563 0.100000
3 0.371094 0.069444 0.059896 0.135185
4 0.329427 0.163889 0.060937 0.150000
4 0.217969 0.736111 0.386979 0.527778
4 0.099740 0.538426 0.198437 0.652778
2 0.182812 0.249074 0.073958 0.107407
