1 0.571615 0.697222 0.036979 0.198148
1 0.608073 0.645370 0.040104 0.190741
1 0.863021 0.582870 0.036458 0.154630
1 0.851042 0.467130 0.030208 0.130556
1 0.592187 0.471296 0.036458 0.148148
1 0.564323 0.400926 0.026562 0.129630
1 0.616927 0.242130 0.021354 0.087963
1 0.519271 0.226389 0.018750 0.078704
1 0.534896 0.209722 0.016667 0.082407
0 0.914323 0.507870 0.030729 0.150926
0 0.820052 0.437963 0.020313 0.124074
0 0.901302 0.379167 0.021354 0.115741
0 0.787240 0.225463 0.018229 0.089815
4 0.110417 0.668519 0.219792 0.662963
3 0.136458 0.277315 0.180208 0.275000
3 0.678125 0.329630 0.109375 0.246296
3 0.589323 0.175926 0.059896 0.127778
2 0.268229 0.134259 0.059375 0.079630
2 0.314323 0.075926 0.045312 0.059259
4 0.420052 0.118981 0.064062 0.165741
4 0.371615 0.095833 0.069271 0.163889
