4 0.450781 0.299905 0.049479 0.088403
4 0.815885 0.598859 0.171354 0.243346
4 0.305208 0.403042 0.142708 0.256654
4 0.680469 0.336027 0.107813 0.172053
1 0.143490 0.564163 0.034896 0.086502
1 0.083594 0.582224 0.040104 0.096008
1 0.032813 0.588878 0.038542 0.103612
1 0.169792 0.514259 0.023958 0.070342
1 0.214583 0.482890 0.030208 0.074144
1 0.155990 0.479563 0.024479 0.067490
1 0.178125 0.434886 0.023958 0.069392
1 0.956771 0.529468 0.040625 0.091255
1 0.917969 0.484316 0.030729 0.073194
1 0.864844 0.443441 0.035937 0.052281
1 0.841667 0.408270 0.017708 0.061787
1 0.812240 0.399240 0.024479 0.064639
1 0.783594 0.410646 0.022396 0.066540
2 0.624740 0.549905 0.084896 0.124525
2 0.606510 0.435361 0.064062 0.072243
