1 0.614583 0.734259 0.064583 0.268519
1 0.671094 0.340278 0.044271 0.184259
1 0.489583 0.206481 0.038542 0.146296
1 0.631771 0.121759 0.034375 0.136111
1 0.704167 0.086111 0.027083 0.120370
1 0.670573 0.057870 0.028646 0.113889
1 0.439844 0.047685 0.027604 0.093519
0 0.986458 0.603241 0.027083 0.247222
0 0.908073 0.237037 0.018229 0.153704
0 0.782813 0.083333 0.026042 0.122222
0 0.834896 0.123148 0.025000 0.124074
0 0.878385 0.212037 0.020313 0.137037
4 0.217448 0.498148 0.231771 0.572222
4 0.113542 0.217130 0.226042 0.432407
