1 0.528385 0.395370 0.028646 0.120370
1 0.691667 0.905556 0.059375 0.188889
1 0.864583 0.574537 0.033333 0.145370
1 0.851562 0.463889 0.026042 0.125926
1 0.553125 0.371296 0.026042 0.118519
1 0.558854 0.286111 0.022917 0.081481
1 0.537240 0.242593 0.018229 0.088889
0 0.811198 0.432870 0.026562 0.123148
0 0.916146 0.509259 0.031250 0.144444
0 0.901042 0.385648 0.021875 0.121296
0 0.870052 0.415278 0.017188 0.117593
0 0.788542 0.226852 0.015625 0.092593
4 0.232292 0.354167 0.198958 0.437963
3 0.273958 0.083796 0.082292 0.126852
3 0.688021 0.288426 0.093750 0.213889
3 0.610417 0.146759 0.060417 0.108333
4 0.448437 0.063426 0.043750 0.125000
4 0.391927 0.055093 0.055729 0.108333
4 0.178125 0.855556 0.289583 0.288889
