1 0.584375 0.454630 0.034375 0.150000
1 0.863281 0.573611 0.038021 0.147222
1 0.851302 0.467130 0.030729 0.115741
1 0.511198 0.249537 0.022396 0.087963
1 0.536719 0.234259 0.021354 0.088889
0 0.820312 0.414815 0.025000 0.120370
0 0.914583 0.511574 0.017708 0.150926
0 0.868750 0.414815 0.017708 0.114815
0 0.901302 0.380556 0.019271 0.116667
4 0.360417 0.415741 0.115625 0.279630
4 0.454688 0.039352 0.039583 0.076852
4 0.399740 0.035648 0.045312 0.069444
4 0.318490 0.185648 0.113021 0.278704
3 0.691667 0.260185 0.083333 0.201852
3 0.630469 0.125926 0.057813 0.096296
