4 0.581771 0.307510 0.065625 0.139734
4 0.706250 0.677757 0.187500 0.330798
4 0.298698 0.435837 0.125521 0.234791
4 0.651042 0.301331 0.061458 0.115970
1 0.105990 0.550856 0.033854 0.082700
1 0.022135 0.545152 0.043229 0.086502
1 0.056771 0.499049 0.029167 0.076046
1 0.084375 0.493821 0.026042 0.069392
1 0.113802 0.479563 0.032813 0.078897
1 0.190625 0.412072 0.026042 0.069392
1 0.230208 0.395437 0.021875 0.064639
1 0.959635 0.636407 0.042188 0.120722
1 0.774740 0.372148 0.019271 0.059886
2 0.215885 0.836502 0.173437 0.209125
2 0.692969 0.429183 0.068229 0.067490
2 0.917969 0.758080 0.163021 0.206274
