1 0.221094 0.487167 0.026562 0.090304
1 0.021094 0.524715 0.033854 0.083650
1 0.056510 0.496198 0.023438 0.077947
1 0.088802 0.493821 0.029687 0.088403
1 0.117969 0.478137 0.028646 0.076046
1 0.240885 0.422529 0.018229 0.065589
1 0.971094 0.586027 0.044271 0.107414
1 0.813542 0.419202 0.022917 0.068441
1 0.752604 0.347433 0.020833 0.050380
1 0.191927 0.412072 0.023438 0.069392
2 0.282552 0.558460 0.081771 0.135932
3 0.630469 0.410171 0.075521 0.137833
3 0.117969 0.761882 0.234896 0.350760
3 0.402604 0.291350 0.050000 0.084601
4 0.577083 0.304658 0.037500 0.080798
4 0.459115 0.320817 0.034896 0.071293
4 0.380208 0.360741 0.051042 0.082700
