1 0.864323 0.582407 0.033854 0.153704
1 0.850781 0.473611 0.030729 0.136111
1 0.634115 0.704630 0.051562 0.209259
1 0.699219 0.612037 0.035937 0.174074
1 0.659635 0.526389 0.032813 0.150926
1 0.624479 0.467130 0.031250 0.152778
1 0.587760 0.412963 0.029687 0.125926
1 0.566667 0.307870 0.022917 0.100926
1 0.554427 0.157870 0.017188 0.069444
0 0.918490 0.508796 0.028646 0.150926
0 0.821875 0.400463 0.026042 0.117593
0 0.900260 0.380093 0.023438 0.115741
2 0.243229 0.195370 0.068750 0.092593
4 0.222656 0.392130 0.151562 0.275000
4 0.440885 0.118056 0.050521 0.134259
4 0.362240 0.512963 0.205729 0.614815
4 0.386198 0.056944 0.067187 0.112037
3 0.659115 0.183796 0.082812 0.165741
3 0.657292 0.075000 0.044792 0.062963
