3 0.633333 0.317490 0.086458 0.121673
4 0.245052 0.729087 0.209896 0.403042
4 0.404167 0.292300 0.039583 0.061787
4 0.375781 0.324620 0.039062 0.075095
4 0.460417 0.327471 0.036458 0.084601
4 0.591146 0.253327 0.053125 0.082700
4 0.748698 0.561312 0.271354 0.409696
1 0.232292 0.473859 0.028125 0.076996
1 0.028385 0.525665 0.034896 0.083650
1 0.054948 0.500000 0.022396 0.077947
1 0.084896 0.496198 0.030208 0.076046
1 0.115365 0.474810 0.023438 0.075095
1 0.256771 0.404943 0.021875 0.060837
1 0.946875 0.592681 0.048958 0.103612
1 0.873177 0.441065 0.024479 0.062738
1 0.769010 0.380703 0.020313 0.059886
1 0.192708 0.413023 0.020833 0.065589
