1 0.863802 0.580556 0.030729 0.157407
1 0.850781 0.468981 0.030729 0.126852
1 0.808854 0.946759 0.069792 0.106481
1 0.658073 0.650463 0.040104 0.171296
1 0.559375 0.338426 0.028125 0.115741
1 0.614583 0.335648 0.022917 0.108333
1 0.634896 0.299074 0.022917 0.094444
1 0.586979 0.274537 0.020833 0.089815
1 0.551302 0.207407 0.019271 0.081481
0 0.915625 0.508333 0.028125 0.150000
0 0.820052 0.399074 0.026562 0.114815
4 0.413802 0.261111 0.111979 0.342593
4 0.400521 0.034259 0.047917 0.066667
4 0.301302 0.212037 0.097396 0.185185
4 0.448437 0.051852 0.039583 0.085185
3 0.656510 0.078241 0.044271 0.091667
3 0.620052 0.132870 0.070312 0.139815
2 0.120573 0.359722 0.104688 0.137963
2 0.019271 0.585648 0.037500 0.199074
2 0.307812 0.087500 0.041667 0.065741
