4 0.468490 0.398289 0.071354 0.106464
4 0.373698 0.321768 0.038021 0.065589
4 0.402865 0.294202 0.038021 0.080798
4 0.447656 0.299430 0.040104 0.083650
1 0.174479 0.721958 0.094792 0.113118
1 0.253906 0.620247 0.071354 0.090304
1 0.198958 0.599810 0.061458 0.091255
1 0.220312 0.469106 0.023958 0.075095
1 0.331510 0.701996 0.080729 0.097909
1 0.419010 0.743346 0.090104 0.108365
1 0.594010 0.751901 0.088021 0.096958
1 0.503125 0.719582 0.081250 0.104563
1 0.720052 0.743821 0.092188 0.116920
1 0.628646 0.666825 0.076042 0.096008
1 0.553385 0.595057 0.073438 0.074144
1 0.832812 0.694392 0.075000 0.097909
1 0.778125 0.662072 0.067708 0.088403
1 0.912500 0.668726 0.100000 0.097909
1 0.672135 0.604563 0.066146 0.079848
1 0.380729 0.491445 0.052083 0.074144
1 0.325521 0.565589 0.056250 0.089354
1 0.434635 0.546578 0.053646 0.076046
1 0.488542 0.567490 0.060417 0.081749
1 0.574219 0.500000 0.044271 0.064639
1 0.531250 0.476236 0.041667 0.066540
1 0.491927 0.487167 0.044271 0.067490
1 0.447656 0.648289 0.068229 0.096958
1 0.554427 0.693916 0.071354 0.089354
1 0.768490 0.589829 0.067187 0.080798
1 0.703646 0.530418 0.062500 0.066540
1 0.359115 0.618346 0.077604 0.088403
1 0.235677 0.435837 0.023438 0.063688
