1 0.754167 0.344444 0.041667 0.164815
1 0.742448 0.480556 0.047396 0.194444
1 0.682813 0.353704 0.041667 0.187037
1 0.625521 0.511574 0.056250 0.215741
1 0.596875 0.715741 0.054167 0.250000
1 0.639844 0.893981 0.078646 0.212037
1 0.554948 0.261111 0.038021 0.183333
1 0.667448 0.162037 0.040104 0.120370
1 0.496094 0.087500 0.026562 0.126852
1 0.451302 0.062963 0.030729 0.118519
0 0.943750 0.478704 0.056250 0.220370
0 0.818229 0.110185 0.033333 0.124074
0 0.884115 0.212500 0.021354 0.137963
4 0.200781 0.132407 0.160938 0.262963
2 0.042188 0.044907 0.083333 0.087963
