1 0.612240 0.455093 0.033854 0.139815
1 0.542969 0.402315 0.025521 0.125000
1 0.863802 0.554167 0.028646 0.097222
1 0.851302 0.464352 0.025521 0.128704
1 0.515885 0.262963 0.020313 0.088889
1 0.551302 0.156944 0.016146 0.071296
1 0.534896 0.145833 0.014583 0.069444
0 0.719271 0.332870 0.034375 0.110185
0 0.806771 0.371296 0.026042 0.114815
0 0.917188 0.471296 0.026042 0.138889
0 0.873177 0.415741 0.021354 0.122222
0 0.900521 0.379630 0.022917 0.116667
0 0.796094 0.297685 0.017188 0.087963
4 0.083333 0.681481 0.165625 0.637037
3 0.358073 0.728241 0.336979 0.543519
3 0.647917 0.212037 0.092708 0.205556
3 0.480729 0.035185 0.047917 0.068519
4 0.445052 0.047685 0.040104 0.093519
2 0.352604 0.028704 0.034375 0.055556
