1 0.757292 0.856944 0.058333 0.239815
1 0.864323 0.578241 0.039062 0.154630
1 0.850781 0.471296 0.032813 0.127778
1 0.639323 0.665741 0.036979 0.183333
1 0.670833 0.540741 0.037500 0.153704
1 0.619271 0.568056 0.035417 0.149074
1 0.575781 0.522222 0.038021 0.155556
1 0.606250 0.359259 0.029167 0.109259
1 0.617188 0.218981 0.018750 0.086111
1 0.646875 0.188426 0.017708 0.076852
1 0.582031 0.192130 0.015104 0.078704
1 0.545052 0.199074 0.022396 0.087037
0 0.914323 0.509722 0.036979 0.154630
0 0.818229 0.394907 0.019792 0.121296
0 0.902344 0.378241 0.021354 0.108333
0 0.865625 0.416667 0.017708 0.120370
2 0.192188 0.256019 0.079167 0.108333
2 0.242969 0.175463 0.057813 0.080556
2 0.340625 0.025463 0.032292 0.049074
3 0.642969 0.070370 0.054688 0.079630
3 0.384896 0.826852 0.208333 0.346296
4 0.433073 0.148148 0.077604 0.248148
3 0.582812 0.087037 0.063542 0.120370
