1 0.864844 0.580093 0.033854 0.150926
1 0.851302 0.463889 0.031771 0.135185
1 0.728906 0.587963 0.039062 0.161111
1 0.550781 0.283796 0.026562 0.082407
1 0.511719 0.264352 0.025521 0.086111
1 0.524740 0.172222 0.018229 0.075926
1 0.567187 0.096759 0.014583 0.058333
0 0.716146 0.337963 0.013542 0.111111
0 0.807552 0.394907 0.025521 0.119444
0 0.917188 0.471759 0.025000 0.143519
0 0.900260 0.380093 0.023438 0.115741
0 0.868229 0.416667 0.018750 0.122222
4 0.151042 0.464352 0.252083 0.515741
3 0.467187 0.519907 0.208333 0.434259
3 0.640885 0.188426 0.093229 0.199074
