1 0.787760 0.902778 0.066146 0.181481
1 0.863802 0.579630 0.034896 0.159259
1 0.849740 0.464352 0.032813 0.125000
1 0.653385 0.350926 0.026562 0.109259
0 0.916146 0.471296 0.027083 0.137037
0 0.806771 0.418519 0.028125 0.122222
0 0.708073 0.326389 0.022396 0.108333
0 0.776823 0.247222 0.020313 0.094444
0 0.821875 0.324074 0.022917 0.112963
0 0.866667 0.414815 0.019792 0.118519
0 0.900000 0.377778 0.022917 0.111111
3 0.542188 0.357407 0.160417 0.311111
3 0.615625 0.156944 0.094792 0.180556
4 0.268490 0.239815 0.148438 0.285185
4 0.273438 0.650463 0.322917 0.699074
