1 0.651563 0.657407 0.040625 0.192593
1 0.698958 0.555093 0.037500 0.154630
1 0.588281 0.565741 0.039062 0.161111
1 0.862240 0.581019 0.031771 0.149074
1 0.851302 0.468056 0.029687 0.132407
1 0.646354 0.230093 0.018750 0.086111
0 0.916927 0.473148 0.024479 0.137037
0 0.869271 0.415741 0.018750 0.116667
0 0.803125 0.442593 0.032292 0.133333
0 0.697135 0.312500 0.023438 0.100926
0 0.789583 0.297685 0.021875 0.087963
0 0.776563 0.253241 0.019792 0.087963
0 0.817969 0.325463 0.022396 0.112037
0 0.900781 0.381944 0.020313 0.117593
4 0.371875 0.378241 0.168750 0.478704
4 0.326302 0.167593 0.110937 0.253704
3 0.570312 0.284259 0.123958 0.266667
3 0.591406 0.102778 0.083854 0.127778
4 0.375521 0.809722 0.170833 0.380556
