1 0.620833 0.877315 0.055208 0.239815
1 0.691667 0.658333 0.047917 0.201852
1 0.850521 0.698148 0.057292 0.194444
1 0.864323 0.570833 0.031771 0.134259
1 0.850781 0.471759 0.032813 0.128704
1 0.683073 0.402315 0.026562 0.121296
1 0.538281 0.400463 0.026562 0.128704
1 0.488802 0.350000 0.033854 0.111111
1 0.642969 0.150926 0.021354 0.064815
0 0.915625 0.468981 0.029167 0.130556
0 0.821094 0.475000 0.029687 0.137037
0 0.803646 0.364352 0.019792 0.110185
0 0.900260 0.378704 0.020313 0.114815
0 0.867188 0.415741 0.019792 0.116667
0 0.784115 0.280556 0.016146 0.079630
4 0.425260 0.476852 0.105729 0.266667
4 0.409115 0.210648 0.108854 0.319444
2 0.155208 0.280556 0.075000 0.059259
4 0.115885 0.649074 0.230729 0.701852
4 0.361198 0.095833 0.081771 0.189815
3 0.578125 0.251389 0.112500 0.239815
3 0.571094 0.091204 0.068229 0.134259
