1 0.529427 0.487963 0.035937 0.150000
1 0.652083 0.659259 0.041667 0.166667
1 0.719792 0.693519 0.046875 0.181481
1 0.765885 0.522685 0.036979 0.147222
1 0.864844 0.578704 0.034896 0.150000
1 0.848698 0.463426 0.036979 0.123148
1 0.665365 0.444907 0.038021 0.141667
1 0.500781 0.247222 0.023438 0.090741
1 0.700521 0.286111 0.022917 0.096296
0 0.883594 0.493981 0.031771 0.130556
0 0.916146 0.472685 0.026042 0.139815
0 0.729688 0.335648 0.015625 0.104630
0 0.742708 0.331019 0.014583 0.102778
0 0.817187 0.327315 0.015625 0.108333
0 0.789844 0.275463 0.016146 0.087963
0 0.900000 0.376852 0.018750 0.103704
0 0.868750 0.414352 0.018750 0.115741
3 0.583854 0.236111 0.102083 0.225926
3 0.549219 0.063889 0.066146 0.124074
4 0.442188 0.303241 0.078125 0.200926
3 0.022656 0.488889 0.044271 0.240741
3 0.382552 0.880093 0.231771 0.239815
4 0.052865 0.812500 0.104688 0.375000
4 0.216927 0.352315 0.197396 0.434259
4 0.430729 0.116204 0.073958 0.230556
4 0.378385 0.060648 0.052604 0.119444
