1 0.704688 0.700926 0.044792 0.188889
1 0.861979 0.578241 0.043750 0.160185
1 0.850521 0.465741 0.035417 0.129630
1 0.731250 0.413426 0.030208 0.130556
1 0.625521 0.444444 0.030208 0.129630
1 0.697917 0.339352 0.025000 0.104630
1 0.487760 0.302778 0.026562 0.100000
1 0.663802 0.202315 0.019271 0.082407
0 0.937500 0.524074 0.035417 0.148148
0 0.915104 0.473611 0.027083 0.134259
0 0.867188 0.417593 0.018750 0.118519
0 0.900000 0.380093 0.018750 0.119444
0 0.855729 0.362500 0.016667 0.093519
0 0.819531 0.330093 0.024479 0.117593
0 0.735677 0.302778 0.016146 0.092593
0 0.712760 0.301852 0.019271 0.098148
4 0.394010 0.039815 0.043229 0.077778
4 0.437760 0.076852 0.059896 0.151852
4 0.303646 0.189815 0.128125 0.275926
4 0.197656 0.439352 0.123438 0.273148
4 0.188802 0.782870 0.376563 0.434259
4 0.465104 0.196759 0.060417 0.147222
3 0.175000 0.229630 0.086458 0.142593
3 0.472917 0.711111 0.189583 0.338889
3 0.589844 0.200463 0.091146 0.204630
3 0.540885 0.045833 0.054688 0.089815
