1 0.696875 0.872685 0.050000 0.226852
1 0.609375 0.674074 0.050000 0.181481
1 0.677083 0.626852 0.046875 0.174074
1 0.861979 0.575000 0.034375 0.150000
1 0.850781 0.465278 0.034896 0.126852
1 0.683333 0.280556 0.022917 0.092593
1 0.657292 0.219444 0.015625 0.072222
1 0.529167 0.256944 0.020833 0.089815
1 0.508073 0.195370 0.018229 0.075926
1 0.673698 0.191667 0.018229 0.079630
0 0.916667 0.470370 0.026042 0.131481
0 0.749219 0.281019 0.017188 0.095370
0 0.773177 0.289815 0.021354 0.090741
0 0.819792 0.339352 0.029167 0.102778
0 0.901302 0.378241 0.024479 0.112037
0 0.867708 0.415741 0.020833 0.116667
0 0.848437 0.312500 0.014583 0.102778
4 0.370573 0.062963 0.069271 0.124074
3 0.583854 0.137963 0.079167 0.166667
3 0.647656 0.468519 0.156771 0.227778
3 0.054167 0.419907 0.107292 0.221296
3 0.321875 0.051389 0.047917 0.075000
2 0.058073 0.813426 0.115104 0.273148
2 0.216406 0.961574 0.185938 0.076852
4 0.338802 0.440741 0.174479 0.448148
4 0.246615 0.315741 0.111979 0.237037
4 0.201823 0.244907 0.089063 0.162037
4 0.376823 0.143056 0.060937 0.137963
4 0.521094 0.073148 0.040104 0.096296
