1 0.519792 0.434259 0.034375 0.131481
1 0.562240 0.437037 0.040104 0.122222
1 0.581510 0.553241 0.033854 0.143519
1 0.604948 0.719444 0.040104 0.185185
1 0.669271 0.697222 0.039583 0.192593
1 0.863281 0.572685 0.029687 0.141667
1 0.762760 0.959722 0.071354 0.080556
1 0.849740 0.467130 0.034896 0.123148
1 0.682552 0.234259 0.021354 0.087037
0 0.916406 0.472222 0.023438 0.140741
0 0.868490 0.416204 0.018229 0.119444
0 0.900781 0.381944 0.019271 0.117593
0 0.854688 0.362500 0.015625 0.097222
0 0.816146 0.335648 0.021875 0.117593
0 0.773177 0.285185 0.016146 0.098148
0 0.796094 0.285648 0.013021 0.097222
3 0.088542 0.361111 0.112500 0.192593
3 0.705208 0.402315 0.123958 0.206481
3 0.200521 0.221296 0.083333 0.146296
2 0.321615 0.602778 0.115104 0.161111
2 0.200000 0.443519 0.106250 0.150000
3 0.573177 0.107870 0.068229 0.154630
4 0.419531 0.076389 0.047396 0.104630
4 0.389583 0.280093 0.126042 0.308333
4 0.324740 0.191667 0.078646 0.172222
4 0.527344 0.034259 0.036979 0.066667
