1 0.647396 0.726852 0.046875 0.200000
1 0.622396 0.834722 0.047917 0.219444
1 0.862760 0.576852 0.032813 0.150000
1 0.851823 0.468981 0.032813 0.119444
1 0.603646 0.400926 0.028125 0.120370
1 0.582812 0.337963 0.025000 0.109259
1 0.537240 0.284259 0.023438 0.094444
1 0.608073 0.228704 0.022396 0.083333
1 0.573698 0.230093 0.017188 0.078704
0 0.913281 0.475926 0.023438 0.135185
0 0.899740 0.380556 0.020313 0.114815
0 0.866927 0.416204 0.018229 0.115741
0 0.817448 0.335185 0.019271 0.116667
0 0.789062 0.290278 0.018750 0.097222
0 0.807292 0.288426 0.013542 0.091667
4 0.432552 0.124537 0.073438 0.195370
4 0.384635 0.063889 0.045312 0.112963
3 0.717969 0.346296 0.093229 0.188889
3 0.322656 0.050926 0.043229 0.077778
3 0.284635 0.093981 0.050521 0.086111
2 0.310417 0.157407 0.048958 0.075926
2 0.375781 0.243519 0.057813 0.092593
2 0.136198 0.307870 0.074479 0.095370
2 0.053906 0.455093 0.105729 0.158333
