1 0.594792 0.494907 0.041667 0.139815
1 0.686979 0.816204 0.056250 0.230556
1 0.864844 0.579630 0.032813 0.155556
1 0.851302 0.472685 0.033854 0.123148
1 0.546354 0.422685 0.028125 0.113889
1 0.584635 0.381481 0.033854 0.101852
1 0.593229 0.252778 0.014583 0.087037
1 0.577865 0.222222 0.020313 0.090741
0 0.914062 0.473611 0.020833 0.139815
0 0.811979 0.377315 0.022917 0.117593
0 0.867448 0.417593 0.015104 0.118519
0 0.900781 0.383333 0.020313 0.122222
0 0.788281 0.298611 0.018229 0.099074
0 0.804167 0.293981 0.014583 0.089815
0 0.822656 0.336111 0.017188 0.118519
0 0.857031 0.365741 0.019271 0.103704
2 0.225781 0.175463 0.049479 0.058333
2 0.193229 0.260185 0.070833 0.109259
2 0.370052 0.143056 0.044271 0.062037
2 0.332552 0.090741 0.041146 0.050000
3 0.712500 0.344444 0.086458 0.192593
3 0.120573 0.306019 0.105729 0.176852
3 0.328646 0.037037 0.035417 0.064815
4 0.322917 0.533796 0.128125 0.347222
4 0.446094 0.075926 0.065104 0.150000
4 0.397396 0.036111 0.045833 0.068519
3 0.539583 0.039352 0.052083 0.076852
