1 0.591406 0.480093 0.034896 0.134259
1 0.864323 0.572222 0.031771 0.148148
1 0.849740 0.466204 0.032813 0.121296
1 0.569010 0.281019 0.029687 0.100926
1 0.534115 0.241667 0.022396 0.087037
1 0.574219 0.226852 0.019271 0.077778
1 0.566406 0.159722 0.014063 0.063889
1 0.555469 0.113889 0.014063 0.057407
0 0.914844 0.473148 0.025521 0.144444
0 0.817187 0.401389 0.027083 0.126852
0 0.866146 0.414815 0.023958 0.122222
0 0.899740 0.379630 0.020313 0.118519
0 0.855729 0.360185 0.015625 0.092593
0 0.786458 0.300463 0.016667 0.099074
0 0.803906 0.293981 0.019271 0.087963
4 0.089583 0.440741 0.178125 0.568519
4 0.385417 0.307407 0.085417 0.229630
4 0.452083 0.050463 0.047917 0.099074
3 0.214844 0.178241 0.068229 0.125000
3 0.716146 0.335185 0.089583 0.181481
2 0.267188 0.152315 0.053125 0.076852
2 0.284635 0.104630 0.038021 0.050000
2 0.382031 0.081944 0.038021 0.052778
2 0.349479 0.043981 0.036458 0.052778
