1 0.592708 0.804630 0.056250 0.222222
1 0.646354 0.746759 0.046875 0.213889
1 0.760938 0.779167 0.053125 0.217593
1 0.862760 0.580556 0.034896 0.161111
1 0.851302 0.473611 0.033854 0.139815
1 0.561719 0.307407 0.026562 0.105556
1 0.558073 0.168519 0.018229 0.075926
1 0.530208 0.139815 0.014583 0.061111
1 0.570833 0.140278 0.015625 0.052778
0 0.915104 0.473148 0.027083 0.140741
0 0.816146 0.427778 0.022917 0.125926
0 0.868490 0.412500 0.020313 0.117593
0 0.899740 0.377315 0.020313 0.108333
0 0.855729 0.364352 0.015625 0.097222
0 0.783594 0.307870 0.019271 0.100926
0 0.809635 0.311111 0.018229 0.098148
2 0.395833 0.038426 0.031250 0.043519
2 0.320573 0.053241 0.033854 0.050926
2 0.310937 0.086574 0.037500 0.069444
3 0.283594 0.106019 0.047396 0.100926
3 0.698958 0.306481 0.094792 0.175926
4 0.409635 0.197685 0.074479 0.178704
4 0.199740 0.828241 0.398438 0.343519
4 0.199219 0.211111 0.143229 0.324074
