1 0.617708 0.883333 0.051042 0.233333
1 0.866406 0.577778 0.029687 0.155556
1 0.604688 0.646296 0.046875 0.188889
1 0.622917 0.507870 0.030208 0.143519
1 0.618490 0.337963 0.025521 0.112963
1 0.597917 0.288889 0.023958 0.101852
1 0.541927 0.211111 0.021354 0.087037
1 0.515365 0.151389 0.017188 0.073148
1 0.567969 0.131019 0.018229 0.067593
0 0.850260 0.493056 0.028646 0.137963
0 0.916146 0.474074 0.029167 0.140741
0 0.902604 0.381019 0.020833 0.112037
0 0.865104 0.414815 0.015625 0.114815
0 0.855469 0.360185 0.015104 0.088889
0 0.797917 0.322222 0.015625 0.101852
0 0.779427 0.315278 0.014063 0.106481
4 0.314323 0.063426 0.073438 0.125000
4 0.405990 0.266204 0.116146 0.354630
3 0.633333 0.225926 0.086458 0.146296
4 0.456771 0.075000 0.051042 0.107407
2 0.107813 0.437963 0.105208 0.142593
