1 0.680208 0.593981 0.044792 0.163889
1 0.866406 0.580556 0.031771 0.164815
1 0.850260 0.467130 0.029687 0.123148
1 0.570312 0.510648 0.037500 0.156481
1 0.560156 0.356944 0.035937 0.121296
1 0.493229 0.356481 0.025000 0.112963
1 0.625781 0.315741 0.024479 0.100000
1 0.589323 0.233333 0.018229 0.088889
1 0.558073 0.120833 0.013021 0.063889
0 0.908333 0.501852 0.026042 0.142593
0 0.900781 0.381019 0.022396 0.110185
0 0.865885 0.414815 0.016146 0.114815
0 0.857292 0.362037 0.015625 0.090741
0 0.802083 0.319444 0.016667 0.103704
0 0.781250 0.316667 0.019792 0.103704
2 0.255469 0.201389 0.063021 0.086111
2 0.071615 0.784259 0.142187 0.255556
3 0.600000 0.188426 0.077083 0.113889
4 0.434375 0.148611 0.081250 0.254630
4 0.344271 0.040278 0.053125 0.078704
4 0.488021 0.045370 0.047917 0.088889
