1 0.674479 0.747685 0.050000 0.208333
1 0.704167 0.532407 0.033333 0.162963
1 0.861979 0.581481 0.038542 0.159259
1 0.851823 0.468056 0.032813 0.125000
1 0.645573 0.454167 0.032813 0.137963
1 0.632031 0.340741 0.026562 0.111111
1 0.571875 0.354630 0.025000 0.112963
1 0.540885 0.268519 0.023438 0.092593
1 0.582552 0.224537 0.019271 0.078704
1 0.613802 0.141204 0.016146 0.071296
0 0.917969 0.510648 0.029687 0.150926
0 0.816667 0.399537 0.020833 0.117593
0 0.867188 0.416667 0.017708 0.124074
0 0.900781 0.380093 0.021354 0.110185
0 0.855469 0.360648 0.017188 0.087963
0 0.786719 0.227778 0.013021 0.092593
3 0.498437 0.490278 0.130208 0.250926
3 0.643229 0.069444 0.054167 0.081481
3 0.556771 0.053241 0.047917 0.102778
4 0.446094 0.083333 0.066146 0.164815
4 0.378906 0.059259 0.056771 0.098148
2 0.305729 0.085185 0.041667 0.053704
2 0.278385 0.130093 0.049479 0.075000
2 0.248698 0.862963 0.178646 0.274074
