1 0.611198 0.722222 0.048438 0.198148
1 0.712500 0.763889 0.052083 0.175926
1 0.711198 0.917593 0.059896 0.164815
1 0.797656 0.893981 0.065104 0.212037
1 0.605990 0.335185 0.027604 0.111111
1 0.864844 0.577778 0.034896 0.148148
1 0.850781 0.466204 0.026562 0.121296
1 0.605469 0.235185 0.023438 0.088889
1 0.543750 0.172222 0.017708 0.072222
1 0.573177 0.156019 0.019271 0.073148
1 0.604427 0.143519 0.016146 0.061111
1 0.625000 0.120833 0.016667 0.062037
1 0.639583 0.150926 0.015625 0.068519
0 0.941406 0.524074 0.030729 0.148148
0 0.914062 0.471296 0.025000 0.135185
0 0.901042 0.380093 0.023958 0.112037
0 0.865885 0.413426 0.019271 0.115741
0 0.779167 0.312963 0.019792 0.100000
0 0.800000 0.316667 0.018750 0.098148
0 0.856510 0.359722 0.018229 0.086111
2 0.349479 0.137037 0.046875 0.081481
2 0.371354 0.027315 0.031250 0.045370
4 0.449740 0.054630 0.054688 0.107407
3 0.509375 0.121759 0.068750 0.104630
