1 0.584115 0.552315 0.030729 0.163889
1 0.533073 0.457870 0.032813 0.137963
1 0.573698 0.356944 0.028646 0.110185
1 0.594792 0.474074 0.029167 0.124074
1 0.630990 0.429630 0.032813 0.125926
1 0.675521 0.494907 0.039583 0.130556
1 0.727865 0.751389 0.051562 0.197222
1 0.798958 0.930556 0.062500 0.138889
1 0.579948 0.211574 0.021354 0.075000
1 0.582292 0.151389 0.016667 0.060185
0 0.938802 0.521296 0.031771 0.151852
0 0.914844 0.472222 0.025521 0.135185
0 0.898958 0.383796 0.019792 0.123148
0 0.865885 0.415278 0.022396 0.119444
0 0.801042 0.319444 0.018750 0.100000
0 0.780208 0.315741 0.020833 0.103704
3 0.474479 0.091667 0.056250 0.098148
3 0.030990 0.511574 0.060937 0.250926
2 0.383854 0.055556 0.037500 0.061111
