1 0.682292 0.700926 0.046875 0.188889
1 0.567708 0.519444 0.034375 0.159259
1 0.608594 0.428241 0.026562 0.132407
1 0.866406 0.582870 0.033854 0.152778
1 0.849740 0.463426 0.032813 0.126852
1 0.628906 0.329630 0.024479 0.103704
1 0.572656 0.283333 0.027604 0.090741
1 0.613281 0.254630 0.019271 0.081481
1 0.598958 0.208796 0.016667 0.082407
1 0.582031 0.180093 0.018229 0.073148
1 0.548438 0.176852 0.016667 0.077778
1 0.521615 0.170833 0.017188 0.075000
0 0.915104 0.471296 0.031250 0.137037
0 0.900260 0.378704 0.023438 0.112963
0 0.867448 0.414815 0.019271 0.112963
0 0.856510 0.363426 0.018229 0.086111
0 0.800260 0.314352 0.014063 0.095370
0 0.778906 0.315741 0.020313 0.103704
4 0.232292 0.165278 0.061458 0.125000
4 0.395573 0.299074 0.119271 0.327778
2 0.335938 0.164352 0.050000 0.080556
3 0.283333 0.103704 0.056250 0.098148
3 0.437240 0.035185 0.043229 0.068519
