1 0.698438 0.629630 0.042708 0.183333
1 0.863802 0.582407 0.034896 0.153704
1 0.849219 0.465278 0.031771 0.126852
1 0.619792 0.402315 0.034375 0.121296
1 0.564844 0.480093 0.032813 0.141667
1 0.522917 0.255556 0.025000 0.088889
1 0.570833 0.246759 0.020833 0.089815
1 0.605469 0.219907 0.021354 0.086111
1 0.584635 0.165278 0.015104 0.069444
1 0.542708 0.174537 0.018750 0.073148
0 0.916406 0.473611 0.028646 0.141667
0 0.901302 0.379167 0.017188 0.115741
0 0.865365 0.414815 0.023438 0.120370
0 0.855469 0.362500 0.019271 0.086111
0 0.798698 0.316667 0.015104 0.098148
0 0.779167 0.314352 0.018750 0.104630
3 0.329948 0.039352 0.036979 0.071296
4 0.300521 0.076852 0.046875 0.092593
4 0.424479 0.178241 0.085417 0.237963
4 0.133073 0.516204 0.265104 0.606481
4 0.239323 0.863426 0.363021 0.273148
