1 0.780729 0.940278 0.062500 0.119444
1 0.778125 0.698148 0.044792 0.175926
1 0.698958 0.602315 0.035417 0.158333
1 0.651042 0.601389 0.035417 0.156481
1 0.662760 0.438426 0.039062 0.143519
1 0.864844 0.581019 0.034896 0.149074
1 0.849740 0.466204 0.030729 0.125000
1 0.549740 0.483333 0.025521 0.124074
1 0.560156 0.410648 0.029687 0.073148
1 0.562500 0.281481 0.025000 0.096296
1 0.619792 0.225926 0.022917 0.087037
1 0.571875 0.167593 0.016667 0.072222
1 0.526563 0.136574 0.016667 0.065741
0 0.914583 0.475463 0.028125 0.141667
0 0.900781 0.380556 0.017188 0.112963
0 0.865885 0.416204 0.015104 0.113889
0 0.855729 0.358796 0.013542 0.087963
0 0.800000 0.318519 0.016667 0.101852
0 0.780729 0.315278 0.017708 0.097222
0 0.793490 0.245833 0.011979 0.065741
4 0.429948 0.234259 0.094271 0.227778
4 0.449219 0.064815 0.058854 0.127778
4 0.267448 0.907407 0.355729 0.185185
4 0.355469 0.093981 0.075521 0.186111
