1 0.654167 0.527778 0.041667 0.153704
1 0.864323 0.578704 0.035937 0.150000
1 0.851302 0.470370 0.031771 0.127778
1 0.685417 0.409722 0.031250 0.121296
1 0.645573 0.373148 0.026562 0.109259
1 0.595052 0.375463 0.026562 0.113889
1 0.639844 0.276389 0.022396 0.095370
1 0.527604 0.265278 0.018750 0.093519
1 0.539583 0.237963 0.018750 0.087037
1 0.540625 0.153241 0.017708 0.063889
1 0.611719 0.145370 0.018229 0.068519
0 0.913542 0.472685 0.029167 0.134259
0 0.900000 0.378241 0.022917 0.117593
0 0.866667 0.413889 0.019792 0.116667
0 0.854948 0.354167 0.013021 0.075000
0 0.801042 0.321296 0.018750 0.111111
0 0.778125 0.315741 0.019792 0.105556
4 0.121615 0.544907 0.222396 0.426852
4 0.386719 0.491204 0.163021 0.371296
4 0.448958 0.128704 0.066667 0.168519
