1 0.644010 0.444907 0.030729 0.130556
1 0.864844 0.581944 0.036979 0.156481
1 0.852344 0.467130 0.034896 0.115741
1 0.654948 0.303704 0.025521 0.103704
1 0.604167 0.276389 0.017708 0.095370
1 0.612240 0.230093 0.017188 0.075000
1 0.568229 0.197685 0.014583 0.076852
1 0.539844 0.200463 0.018229 0.075000
1 0.529687 0.147685 0.016667 0.065741
1 0.564844 0.139815 0.019271 0.055556
0 0.917969 0.507407 0.030729 0.146296
0 0.899219 0.378704 0.021354 0.105556
0 0.866146 0.414352 0.017708 0.113889
0 0.817187 0.397222 0.018750 0.114815
0 0.856510 0.361574 0.019271 0.084259
0 0.786719 0.225926 0.015104 0.088889
4 0.067187 0.741667 0.133333 0.516667
2 0.379948 0.401852 0.085938 0.146296
2 0.325521 0.052778 0.033333 0.057407
3 0.558594 0.325926 0.082812 0.185185
4 0.451562 0.056481 0.053125 0.111111
