1 0.607292 0.804630 0.052083 0.211111
1 0.690885 0.838426 0.046354 0.204630
1 0.752083 0.803241 0.052083 0.228704
1 0.725000 0.630556 0.036458 0.162963
1 0.625521 0.593981 0.033333 0.167593
1 0.863281 0.568981 0.031771 0.126852
1 0.850521 0.466667 0.030208 0.122222
1 0.610938 0.322222 0.023958 0.107407
1 0.632812 0.251852 0.016667 0.081481
1 0.677604 0.255556 0.023958 0.083333
1 0.584896 0.248148 0.017708 0.085185
1 0.615625 0.177778 0.018750 0.072222
0 0.915885 0.474537 0.022396 0.139815
0 0.901302 0.379630 0.018229 0.116667
0 0.866406 0.413889 0.018229 0.114815
0 0.799740 0.319907 0.017188 0.102778
0 0.779687 0.313426 0.020833 0.100926
0 0.855729 0.352778 0.013542 0.074074
4 0.253906 0.283796 0.128646 0.262037
4 0.419531 0.252778 0.101562 0.231481
4 0.450521 0.075000 0.055208 0.135185
2 0.048958 0.449537 0.096875 0.139815
