1 0.767708 0.869907 0.053125 0.225000
1 0.864844 0.584259 0.039062 0.157407
1 0.849219 0.468981 0.033854 0.130556
1 0.597917 0.558796 0.037500 0.169444
1 0.603385 0.447222 0.024479 0.112963
1 0.639844 0.433333 0.029687 0.125926
1 0.658594 0.381481 0.024479 0.098148
1 0.564844 0.399537 0.032813 0.130556
1 0.600260 0.326852 0.026562 0.098148
0 0.914062 0.473148 0.029167 0.138889
0 0.900781 0.379630 0.019271 0.116667
0 0.866146 0.412963 0.017708 0.111111
0 0.855990 0.356019 0.013021 0.082407
0 0.801042 0.320833 0.017708 0.102778
0 0.780208 0.313889 0.019792 0.096296
4 0.111198 0.665741 0.221354 0.668519
2 0.159375 0.284259 0.079167 0.105556
2 0.217448 0.212963 0.058854 0.075926
4 0.312760 0.735648 0.210938 0.528704
4 0.317708 0.168056 0.090625 0.189815
4 0.432292 0.143056 0.071875 0.173148
4 0.454167 0.039815 0.047917 0.077778
