1 0.593750 0.662963 0.045833 0.181481
1 0.708333 0.681481 0.045833 0.192593
1 0.861979 0.579167 0.040625 0.156481
1 0.852865 0.469907 0.035937 0.125000
1 0.685677 0.556944 0.039062 0.154630
1 0.666146 0.456481 0.035417 0.129630
1 0.575000 0.315278 0.026042 0.106481
1 0.597396 0.269907 0.019792 0.089815
1 0.630990 0.246759 0.020313 0.078704
1 0.565885 0.272685 0.021354 0.084259
1 0.550000 0.220833 0.020833 0.078704
1 0.582552 0.195833 0.021354 0.075000
0 0.917188 0.475926 0.027083 0.137037
0 0.900521 0.381944 0.018750 0.121296
0 0.865365 0.412963 0.021354 0.111111
0 0.801562 0.325000 0.017708 0.098148
0 0.781250 0.315278 0.017708 0.099074
4 0.401562 0.333333 0.111458 0.270370
4 0.353906 0.096759 0.067187 0.137963
4 0.440625 0.078704 0.054167 0.129630
4 0.068490 0.764352 0.135937 0.471296
4 0.234115 0.347222 0.179688 0.398148
2 0.262240 0.129167 0.043229 0.052778
2 0.294531 0.111111 0.039062 0.059259
