1 0.737500 0.761111 0.060417 0.203704
1 0.658594 0.654630 0.046354 0.185185
1 0.601302 0.629167 0.046354 0.182407
1 0.631510 0.361111 0.028646 0.105556
1 0.542708 0.335648 0.029167 0.113889
1 0.616406 0.325926 0.024479 0.092593
1 0.864062 0.577315 0.033333 0.147222
1 0.566146 0.205093 0.016667 0.082407
1 0.587500 0.176852 0.017708 0.075926
1 0.611458 0.166667 0.015625 0.074074
1 0.848958 0.465741 0.031250 0.127778
0 0.915625 0.476852 0.027083 0.138889
0 0.901563 0.380093 0.019792 0.115741
0 0.864844 0.412500 0.017188 0.115741
0 0.857031 0.354167 0.015104 0.080556
0 0.802865 0.323148 0.016146 0.101852
0 0.780208 0.312500 0.017708 0.102778
4 0.177083 0.427315 0.204167 0.437963
4 0.439063 0.178241 0.073958 0.184259
4 0.377083 0.054630 0.054167 0.107407
4 0.440365 0.041667 0.053646 0.081481
4 0.322396 0.187037 0.108333 0.261111
