1 0.645833 0.855093 0.050000 0.228704
1 0.813281 0.833796 0.066146 0.225000
1 0.863802 0.574074 0.034896 0.155556
1 0.850260 0.467130 0.033854 0.130556
1 0.622917 0.537963 0.038542 0.159259
1 0.646354 0.418981 0.036458 0.132407
1 0.609115 0.370833 0.029687 0.119444
1 0.563802 0.337037 0.030729 0.118519
1 0.568229 0.222222 0.022917 0.087037
1 0.589844 0.207407 0.016146 0.066667
1 0.603125 0.187963 0.018750 0.081481
1 0.528646 0.189815 0.022917 0.083333
0 0.915625 0.473148 0.030208 0.137037
0 0.901302 0.379630 0.018229 0.112963
0 0.866927 0.415278 0.019271 0.115741
0 0.857031 0.347222 0.013021 0.070370
0 0.820052 0.334259 0.018229 0.101852
0 0.784115 0.314815 0.020313 0.100000
4 0.310156 0.654167 0.188021 0.432407
4 0.291927 0.223611 0.124479 0.287963
4 0.445312 0.102315 0.058333 0.150926
4 0.362760 0.101852 0.061979 0.201852
