1 0.755208 0.931481 0.062500 0.137037
1 0.756250 0.681481 0.047917 0.188889
1 0.866406 0.574537 0.035937 0.160185
1 0.850781 0.469444 0.030729 0.131481
1 0.692969 0.475000 0.039062 0.140741
1 0.607552 0.529167 0.042188 0.149074
1 0.586979 0.421296 0.031250 0.124074
1 0.594271 0.314352 0.025000 0.104630
1 0.614062 0.255093 0.029167 0.093519
1 0.581510 0.225926 0.018229 0.081481
1 0.561719 0.196296 0.019271 0.077778
1 0.568750 0.136574 0.014583 0.062037
1 0.541927 0.131944 0.019271 0.067593
1 0.586979 0.120833 0.015625 0.062037
0 0.915625 0.473148 0.030208 0.135185
0 0.900521 0.380093 0.018750 0.115741
0 0.866146 0.412500 0.018750 0.113889
0 0.856510 0.350926 0.015104 0.068519
0 0.813281 0.328241 0.020313 0.100926
0 0.791927 0.298611 0.019271 0.091667
4 0.408073 0.286574 0.093229 0.221296
4 0.341406 0.117593 0.080729 0.200000
4 0.451562 0.057407 0.045833 0.112963
