1 0.725000 0.571296 0.042708 0.164815
1 0.678125 0.883796 0.061458 0.226852
1 0.622396 0.937037 0.068750 0.125926
1 0.843490 0.914815 0.075521 0.170370
1 0.863802 0.575926 0.036979 0.155556
1 0.849740 0.468056 0.039062 0.113889
1 0.553906 0.406944 0.035937 0.130556
1 0.586719 0.298148 0.025521 0.105556
1 0.651823 0.279630 0.025521 0.094444
0 0.913802 0.786111 0.038021 0.201852
0 0.985938 0.617130 0.028125 0.182407
0 0.913021 0.468981 0.025000 0.136111
0 0.863021 0.414815 0.017708 0.120370
0 0.901042 0.375463 0.022917 0.112037
0 0.790104 0.266204 0.014583 0.102778
4 0.445052 0.078241 0.049479 0.115741
4 0.387240 0.047222 0.055729 0.092593
