1 0.540625 0.519907 0.039583 0.156481
1 0.632292 0.708333 0.044792 0.192593
1 0.664844 0.583333 0.034896 0.155556
1 0.696354 0.518056 0.040625 0.145370
1 0.607552 0.492130 0.039062 0.149074
1 0.801562 0.770370 0.048958 0.185185
1 0.780729 0.906019 0.066667 0.187963
1 0.866927 0.571296 0.032813 0.153704
1 0.852865 0.464352 0.036979 0.113889
1 0.664323 0.367130 0.035937 0.119444
0 0.901042 0.738889 0.038542 0.185185
0 0.970313 0.575000 0.033333 0.168519
0 0.917708 0.472685 0.023958 0.141667
0 0.865625 0.414815 0.018750 0.118519
0 0.900260 0.381944 0.021354 0.113889
0 0.779948 0.263889 0.017188 0.101852
4 0.149740 0.613426 0.228646 0.513889
