1 0.642708 0.857870 0.058333 0.234259
1 0.723958 0.668519 0.048958 0.188889
1 0.564063 0.687037 0.050000 0.185185
1 0.598437 0.623148 0.036458 0.166667
1 0.620313 0.577778 0.041667 0.159259
1 0.863021 0.577778 0.036458 0.148148
1 0.588802 0.300926 0.025521 0.100000
1 0.851823 0.468981 0.036979 0.123148
0 0.913021 0.510185 0.025000 0.150000
0 0.902083 0.381481 0.021875 0.116667
0 0.819531 0.401852 0.026562 0.118519
0 0.857292 0.366667 0.020833 0.092593
0 0.868750 0.415741 0.017708 0.116667
4 0.191667 0.429630 0.230208 0.509259
3 0.601302 0.228704 0.072396 0.138889
3 0.641406 0.072222 0.053646 0.079630
2 0.425260 0.226389 0.058854 0.097222
