1 0.598437 0.751852 0.051042 0.200000
1 0.684896 0.757407 0.054167 0.200000
1 0.818490 0.808333 0.055729 0.203704
1 0.713281 0.612963 0.044271 0.172222
1 0.579948 0.546759 0.041146 0.160185
1 0.650521 0.496759 0.032292 0.147222
1 0.692448 0.467130 0.032813 0.123148
1 0.556510 0.379630 0.026562 0.112963
1 0.606510 0.365278 0.028646 0.119444
1 0.637240 0.315741 0.024479 0.100000
1 0.582552 0.309259 0.021354 0.098148
1 0.526302 0.295370 0.025521 0.100000
1 0.851302 0.468056 0.033854 0.125000
1 0.863542 0.575926 0.041667 0.140741
0 0.872135 0.678241 0.040104 0.178704
0 0.945833 0.531019 0.030208 0.156481
0 0.916406 0.473148 0.023438 0.138889
0 0.900521 0.381019 0.021875 0.112037
0 0.863542 0.413889 0.017708 0.120370
0 0.771354 0.252778 0.018750 0.094444
4 0.301563 0.248611 0.119792 0.230556
4 0.336458 0.574074 0.191667 0.446296
3 0.171615 0.233796 0.110937 0.215741
4 0.059635 0.755556 0.118229 0.481481
