1 0.637760 0.807407 0.061979 0.212963
1 0.745052 0.902315 0.066146 0.195370
1 0.865365 0.573148 0.033854 0.150000
1 0.630208 0.608796 0.046875 0.160185
1 0.659115 0.537500 0.035937 0.149074
1 0.713802 0.481481 0.034896 0.135185
1 0.559115 0.397222 0.033854 0.103704
1 0.850781 0.468056 0.036979 0.136111
1 0.625000 0.430093 0.030208 0.128704
1 0.648177 0.356481 0.025521 0.109259
1 0.551302 0.308333 0.028646 0.100000
1 0.598958 0.298148 0.029167 0.101852
0 0.835938 0.631019 0.037500 0.171296
0 0.921615 0.508796 0.021354 0.152778
0 0.899740 0.381944 0.022396 0.113889
0 0.864062 0.414352 0.018750 0.115741
0 0.912240 0.471296 0.019271 0.129630
0 0.774479 0.238889 0.017708 0.090741
0 0.856771 0.350926 0.015625 0.066667
4 0.140885 0.472685 0.280729 0.567593
3 0.284896 0.095833 0.069792 0.134259
4 0.405990 0.253241 0.098437 0.236111
4 0.363802 0.115741 0.070312 0.170370
