1 0.667708 0.857870 0.059375 0.226852
1 0.772917 0.770370 0.048958 0.196296
1 0.685156 0.640741 0.041146 0.179630
1 0.865885 0.581481 0.039062 0.166667
1 0.629948 0.487500 0.034896 0.143519
1 0.540885 0.481481 0.029687 0.144444
1 0.583073 0.425463 0.026562 0.123148
1 0.630469 0.343519 0.021354 0.101852
1 0.671615 0.431481 0.029687 0.122222
1 0.602344 0.281481 0.022396 0.101852
1 0.549219 0.265741 0.026562 0.090741
1 0.565885 0.228241 0.020313 0.078704
1 0.852865 0.468056 0.032813 0.121296
0 0.816927 0.550926 0.030729 0.144444
0 0.913021 0.509259 0.020833 0.148148
0 0.902083 0.381481 0.019792 0.120370
0 0.865625 0.412037 0.016667 0.109259
0 0.854688 0.352778 0.013542 0.077778
4 0.118229 0.651389 0.235417 0.675000
4 0.331771 0.136111 0.096875 0.251852
3 0.183854 0.215741 0.095833 0.166667
4 0.449740 0.062963 0.050521 0.124074
