1 0.587760 0.666667 0.042188 0.177778
1 0.623437 0.806481 0.054167 0.192593
1 0.646094 0.937037 0.072396 0.125926
1 0.726042 0.893056 0.063542 0.213889
1 0.716146 0.735185 0.054167 0.183333
1 0.613281 0.486111 0.035937 0.129630
1 0.648958 0.463426 0.041667 0.145370
1 0.866406 0.573148 0.038021 0.161111
1 0.850260 0.468981 0.038021 0.137963
1 0.648698 0.309259 0.028646 0.098148
1 0.565885 0.289815 0.024479 0.096296
0 0.800781 0.486574 0.029687 0.137963
0 0.916406 0.511574 0.033854 0.149074
0 0.900000 0.381944 0.019792 0.113889
0 0.864323 0.410648 0.018229 0.108333
4 0.333333 0.144444 0.087500 0.235185
3 0.400260 0.561574 0.148438 0.289815
