1 0.725000 0.847222 0.055208 0.216667
1 0.782813 0.736574 0.050000 0.197222
1 0.670312 0.644907 0.043750 0.187963
1 0.602604 0.586111 0.042708 0.175926
1 0.557031 0.513426 0.029687 0.139815
1 0.596875 0.463426 0.037500 0.141667
1 0.658073 0.509722 0.042188 0.143519
1 0.865104 0.582407 0.042708 0.175926
1 0.853385 0.461574 0.033854 0.130556
1 0.675000 0.414352 0.032292 0.123148
1 0.567969 0.282407 0.020313 0.085185
1 0.589844 0.269444 0.029687 0.087037
1 0.870573 0.938889 0.076563 0.122222
0 0.914583 0.507407 0.025000 0.146296
0 0.792448 0.462963 0.031771 0.129630
0 0.901042 0.381019 0.019792 0.113889
0 0.864844 0.414815 0.021354 0.116667
0 0.787760 0.231019 0.015104 0.097222
3 0.488542 0.361574 0.111458 0.195370
3 0.423958 0.744444 0.232292 0.481481
4 0.104688 0.736111 0.208333 0.496296
4 0.148698 0.480093 0.218229 0.376852
4 0.364063 0.083333 0.065625 0.164815
