1 0.777083 0.568519 0.046875 0.162963
1 0.863542 0.573148 0.040625 0.157407
1 0.695833 0.449074 0.036458 0.131481
1 0.505729 0.345370 0.033333 0.116667
1 0.852604 0.475926 0.045833 0.133333
1 0.664062 0.325926 0.027083 0.107407
1 0.616146 0.288889 0.025000 0.096296
0 0.915365 0.507870 0.028646 0.147222
0 0.812760 0.445370 0.019271 0.127778
0 0.864844 0.414815 0.017188 0.118519
0 0.900260 0.379167 0.023438 0.110185
0 0.855990 0.364815 0.017188 0.090741
0 0.787500 0.227315 0.014583 0.091667
4 0.296354 0.367130 0.122917 0.293519
4 0.269531 0.258796 0.128646 0.237963
3 0.550260 0.509259 0.188021 0.344444
3 0.542188 0.259259 0.082292 0.146296
2 0.102604 0.370370 0.102083 0.142593
2 0.268229 0.117593 0.047917 0.038889
2 0.480208 0.049074 0.041667 0.044444
4 0.387240 0.048611 0.055729 0.095370
