1 0.718750 0.787963 0.057292 0.220370
1 0.637500 0.632407 0.042708 0.198148
1 0.866146 0.578704 0.047917 0.164815
1 0.854167 0.469444 0.034375 0.131481
1 0.732812 0.362963 0.027083 0.118519
1 0.561979 0.302778 0.025000 0.090741
1 0.585417 0.269444 0.017708 0.079630
1 0.656771 0.220370 0.022917 0.081481
1 0.505469 0.243981 0.022396 0.089815
0 0.913281 0.510648 0.018229 0.154630
0 0.820312 0.442593 0.021875 0.131481
0 0.901302 0.381481 0.020313 0.114815
0 0.865104 0.413426 0.016667 0.115741
0 0.788281 0.228241 0.013021 0.089815
4 0.399740 0.026389 0.046354 0.050926
2 0.323437 0.050926 0.037500 0.044444
2 0.467708 0.036111 0.033333 0.051852
2 0.245312 0.170833 0.061458 0.095370
2 0.169792 0.274537 0.085417 0.117593
3 0.637500 0.397222 0.147917 0.274074
3 0.566667 0.212500 0.071875 0.137963
4 0.379427 0.207407 0.080729 0.203704
4 0.336458 0.160185 0.085417 0.185185
