1 0.641146 0.590741 0.039583 0.170370
1 0.566667 0.592593 0.040625 0.166667
1 0.863021 0.577778 0.033333 0.159259
1 0.851042 0.466667 0.026042 0.122222
1 0.635417 0.390741 0.028125 0.122222
1 0.563542 0.445370 0.034375 0.124074
1 0.550000 0.373148 0.030208 0.116667
1 0.575000 0.347222 0.028125 0.098148
1 0.494271 0.355556 0.027083 0.107407
0 0.920573 0.507870 0.024479 0.150926
0 0.813281 0.383796 0.026562 0.112037
0 0.867448 0.414352 0.019271 0.121296
0 0.899740 0.383333 0.021354 0.122222
2 0.083594 0.425463 0.107813 0.130556
2 0.440625 0.133333 0.048958 0.081481
3 0.630208 0.160185 0.057292 0.116667
3 0.642708 0.068981 0.053125 0.089815
4 0.300260 0.218519 0.133854 0.305556
