1 0.567708 0.674074 0.042708 0.185185
1 0.606250 0.625926 0.038542 0.192593
1 0.864583 0.578704 0.038542 0.150000
1 0.852083 0.475926 0.034375 0.137037
1 0.588021 0.459259 0.035417 0.137037
1 0.563021 0.387963 0.027083 0.124074
1 0.615104 0.236111 0.025000 0.083333
0 0.912240 0.507870 0.024479 0.145370
0 0.819531 0.443981 0.020313 0.130556
0 0.900260 0.382870 0.018229 0.115741
0 0.862760 0.415741 0.017188 0.114815
4 0.117188 0.662037 0.233333 0.675926
4 0.421875 0.117130 0.061458 0.156481
4 0.372656 0.089815 0.069271 0.151852
2 0.271094 0.131481 0.053646 0.085185
2 0.317188 0.077778 0.041667 0.062963
2 0.462240 0.020370 0.027604 0.038889
3 0.588281 0.177778 0.063021 0.122222
3 0.677865 0.325463 0.113021 0.239815
3 0.142708 0.261574 0.172917 0.258333
