1 0.681250 0.885185 0.059375 0.222222
1 0.863542 0.577778 0.038542 0.151852
1 0.851042 0.464815 0.032292 0.122222
1 0.530208 0.391667 0.023958 0.120370
1 0.556250 0.361111 0.023958 0.125926
1 0.558333 0.282407 0.021875 0.079630
1 0.535417 0.235185 0.017708 0.081481
0 0.913542 0.508796 0.022917 0.145370
0 0.811198 0.432407 0.025521 0.124074
0 0.900781 0.381944 0.020313 0.112037
0 0.868229 0.414352 0.017708 0.119444
0 0.855469 0.362500 0.017188 0.091667
3 0.279167 0.082870 0.082292 0.130556
3 0.686458 0.278241 0.093750 0.208333
3 0.612760 0.147222 0.060937 0.109259
4 0.197396 0.837500 0.267708 0.325000
4 0.450000 0.056481 0.045833 0.111111
4 0.391406 0.051389 0.052604 0.100926
4 0.240625 0.343056 0.176042 0.436111
