1 0.739062 0.950926 0.070833 0.098148
1 0.864583 0.579630 0.038542 0.151852
1 0.854688 0.471296 0.035417 0.131481
1 0.581250 0.436111 0.032292 0.124074
0 0.911198 0.507870 0.019271 0.145370
0 0.819271 0.414815 0.025000 0.118519
0 0.867969 0.415741 0.019271 0.116667
0 0.899740 0.380093 0.020313 0.110185
0 0.854427 0.362037 0.018229 0.083333
0 0.787240 0.227315 0.015104 0.097222
4 0.322656 0.175000 0.108854 0.262963
4 0.365625 0.410185 0.103125 0.285185
4 0.457031 0.036111 0.034896 0.070370
4 0.403385 0.036111 0.045312 0.070370
3 0.693490 0.261111 0.088021 0.203704
3 0.634896 0.121759 0.059375 0.104630
