1 0.625000 0.681481 0.048958 0.174074
1 0.607292 0.506481 0.040625 0.153704
1 0.864062 0.576852 0.037500 0.142593
1 0.849479 0.477778 0.035417 0.137037
1 0.715625 0.938889 0.063542 0.122222
1 0.566146 0.254630 0.020833 0.087037
0 0.911979 0.508796 0.021875 0.150926
0 0.817448 0.400926 0.021354 0.112963
0 0.865365 0.416667 0.019271 0.120370
0 0.900000 0.383796 0.022917 0.117593
0 0.854688 0.362500 0.016667 0.091667
3 0.653385 0.109259 0.055729 0.100000
3 0.690365 0.228704 0.084896 0.190741
2 0.103646 0.418981 0.106250 0.149074
4 0.360417 0.093981 0.077083 0.186111
4 0.299740 0.764815 0.279687 0.470370
4 0.414062 0.212500 0.065625 0.165741
4 0.073958 0.791667 0.146875 0.416667
