1 0.625000 0.675926 0.051042 0.207407
1 0.690104 0.593519 0.041667 0.168519
1 0.864062 0.582407 0.035417 0.150000
1 0.852083 0.467593 0.038542 0.131481
1 0.655729 0.504630 0.035417 0.138889
1 0.621875 0.450926 0.034375 0.138889
1 0.588542 0.402778 0.028125 0.116667
1 0.566146 0.304630 0.022917 0.101852
0 0.913281 0.508796 0.023438 0.147222
0 0.821615 0.401852 0.026562 0.125926
0 0.900781 0.385185 0.023438 0.120370
0 0.864323 0.416204 0.020313 0.123148
0 0.786458 0.225463 0.016667 0.093519
4 0.366146 0.484722 0.195833 0.567593
4 0.388542 0.060185 0.062500 0.118519
4 0.440365 0.109722 0.049479 0.125000
4 0.227865 0.380093 0.144271 0.254630
3 0.658073 0.181019 0.080729 0.158333
3 0.251042 0.192130 0.060417 0.097222
3 0.658854 0.079630 0.044792 0.059259
