1 0.653125 0.626852 0.042708 0.168519
1 0.861979 0.576852 0.033333 0.146296
1 0.848958 0.474074 0.038542 0.125926
1 0.612500 0.330556 0.026042 0.112963
1 0.559375 0.327778 0.026042 0.103704
1 0.796354 0.930556 0.064583 0.138889
1 0.637500 0.293519 0.023958 0.094444
0 0.914323 0.510185 0.021354 0.150000
0 0.819271 0.400000 0.027083 0.118519
0 0.866927 0.418981 0.018229 0.113889
0 0.900521 0.375926 0.022917 0.107407
0 0.856510 0.364815 0.016146 0.092593
0 0.787760 0.225463 0.016146 0.087963
3 0.658073 0.075000 0.045312 0.085185
2 0.129688 0.348611 0.094792 0.123148
2 0.027865 0.563889 0.054688 0.214815
2 0.309635 0.081944 0.040104 0.056481
4 0.307552 0.208333 0.093229 0.181481
4 0.449219 0.053241 0.038021 0.089815
4 0.416406 0.251852 0.106771 0.340741
4 0.402604 0.032407 0.044792 0.062963
3 0.617708 0.129167 0.068750 0.139815
