2 0.811979 0.876426 0.330208 0.129278
3 0.728125 0.318916 0.088542 0.122624
4 0.448177 0.351236 0.045312 0.096008
1 0.065625 0.698194 0.091667 0.099810
1 0.210938 0.737167 0.097917 0.097909
1 0.213021 0.681084 0.073958 0.078897
1 0.356771 0.768536 0.097917 0.109316
1 0.376563 0.683935 0.084375 0.096008
1 0.518229 0.780418 0.092708 0.123574
1 0.652083 0.776141 0.092708 0.111217
1 0.593229 0.705323 0.087500 0.098859
1 0.554427 0.654943 0.079687 0.085551
1 0.683594 0.573194 0.065104 0.093156
1 0.892448 0.734316 0.094271 0.113118
1 0.579948 0.514259 0.064062 0.083650
1 0.402344 0.576521 0.059896 0.090304
1 0.344531 0.538498 0.054688 0.073194
1 0.277865 0.537072 0.051562 0.091255
1 0.217448 0.574144 0.059896 0.087452
1 0.181771 0.554658 0.046875 0.076996
1 0.154948 0.536122 0.053646 0.077947
1 0.410677 0.496673 0.059896 0.082700
1 0.478125 0.515209 0.051042 0.076046
1 0.457031 0.460551 0.045312 0.069392
1 0.499479 0.441065 0.038542 0.068441
1 0.372656 0.426806 0.025521 0.060837
1 0.262760 0.452471 0.038021 0.070342
1 0.075521 0.476236 0.036458 0.074144
1 0.225000 0.419677 0.021875 0.054183
