3 0.608854 0.456749 0.108333 0.120722
2 0.092188 0.635456 0.183333 0.135932
4 0.399219 0.294202 0.041146 0.069392
4 0.285677 0.314639 0.047396 0.072243
4 0.465885 0.288023 0.032813 0.076046
4 0.652083 0.304658 0.052083 0.086502
4 0.595313 0.743346 0.626042 0.393536
1 0.537760 0.605038 0.064062 0.076996
1 0.615104 0.591255 0.065625 0.083650
1 0.712500 0.608365 0.076042 0.081749
1 0.685937 0.565589 0.058333 0.062738
1 0.802083 0.622148 0.078125 0.086502
1 0.787240 0.562262 0.064062 0.078897
1 0.843490 0.557510 0.058854 0.076996
1 0.903646 0.608840 0.081250 0.080798
1 0.963802 0.704848 0.072396 0.107414
1 0.971354 0.608365 0.057292 0.089354
1 0.066667 0.715779 0.078125 0.121673
1 0.430990 0.483365 0.049479 0.067490
1 0.402865 0.425856 0.034896 0.058935
1 0.361458 0.409696 0.026042 0.064639
1 0.248698 0.443441 0.026562 0.063688
1 0.075000 0.475760 0.038542 0.073194
3 0.332552 0.274240 0.050521 0.084601
