3 0.309115 0.300380 0.057813 0.095057
4 0.362500 0.372624 0.069792 0.119772
4 0.260156 0.344582 0.051562 0.090304
1 0.305469 0.682510 0.076563 0.093156
1 0.096094 0.647338 0.068229 0.095057
1 0.202604 0.586027 0.031250 0.096008
1 0.178385 0.556559 0.030729 0.088403
1 0.025521 0.539924 0.028125 0.077947
1 0.245312 0.525190 0.026042 0.082700
1 0.285677 0.484316 0.020313 0.080798
1 0.130990 0.483365 0.018229 0.073194
1 0.874740 0.592681 0.044271 0.096008
1 0.923958 0.549430 0.034375 0.089354
1 0.855729 0.529943 0.027083 0.073194
1 0.840885 0.474810 0.024479 0.080798
1 0.196615 0.489544 0.025521 0.076046
