4 0.592448 0.770913 0.227604 0.347909
4 0.651042 0.309886 0.052083 0.081749
4 0.580208 0.273289 0.040625 0.059886
4 0.444271 0.333175 0.044792 0.094106
4 0.394792 0.565589 0.098958 0.250951
4 0.277083 0.558460 0.103125 0.194867
4 0.360156 0.374525 0.059896 0.110266
4 0.401823 0.291825 0.044271 0.077947
4 0.785677 0.494772 0.277604 0.348859
1 0.121875 0.533745 0.043750 0.088403
1 0.210677 0.457224 0.026562 0.079848
1 0.163021 0.456749 0.030208 0.073194
1 0.045833 0.504753 0.030208 0.072243
1 0.952344 0.456749 0.029687 0.061787
