4 0.560156 0.662072 0.131771 0.307034
4 0.389062 0.523764 0.093750 0.197719
4 0.263021 0.567015 0.131250 0.198669
4 0.063802 0.752852 0.126562 0.325095
4 0.409375 0.298479 0.038542 0.083650
1 0.054427 0.573194 0.041146 0.083650
1 0.145573 0.538023 0.035937 0.100760
1 0.203646 0.497148 0.033333 0.091255
1 0.028906 0.519962 0.022396 0.079848
1 0.053125 0.506179 0.023958 0.073194
1 0.080990 0.490494 0.026562 0.079848
1 0.866406 0.561312 0.035937 0.088403
1 0.714323 0.423004 0.023438 0.077947
3 0.785937 0.390684 0.130208 0.155894
