4 0.421094 0.468631 0.179688 0.153992
4 0.585938 0.376901 0.067708 0.094106
4 0.660677 0.324620 0.047396 0.071293
1 0.498177 0.615970 0.073438 0.106464
1 0.389844 0.573194 0.068229 0.093156
1 0.262760 0.640684 0.082812 0.089354
1 0.200000 0.727186 0.088542 0.112167
1 0.120313 0.605513 0.065625 0.091255
1 0.032813 0.643536 0.064583 0.098859
1 0.742188 0.626426 0.067708 0.096958
1 0.692448 0.573194 0.064062 0.085551
1 0.279948 0.496198 0.036979 0.077947
1 0.142448 0.451996 0.029687 0.063688
1 0.828646 0.452471 0.028125 0.068441
1 0.684115 0.401616 0.020313 0.056084
3 0.330990 0.307034 0.054688 0.087452
2 0.398438 0.333175 0.035417 0.044677
2 0.458333 0.326521 0.035417 0.052281
