4 0.597917 0.767586 0.219792 0.341255
4 0.390625 0.324620 0.045833 0.092205
4 0.573958 0.300380 0.068750 0.117871
1 0.320573 0.668251 0.070312 0.114068
1 0.244271 0.689163 0.084375 0.114068
1 0.160677 0.664924 0.075521 0.113118
1 0.060156 0.719582 0.098437 0.112167
1 0.175781 0.880228 0.096354 0.119772
1 0.800781 0.682510 0.092188 0.096958
1 0.846615 0.622148 0.064062 0.086502
1 0.949219 0.522338 0.060937 0.069392
1 0.727344 0.578897 0.058854 0.087452
1 0.621875 0.511882 0.038542 0.084601
1 0.472135 0.626901 0.055729 0.084601
1 0.613021 0.598859 0.056250 0.077947
1 0.083854 0.566065 0.067708 0.076996
1 0.218750 0.543726 0.045833 0.081749
1 0.300260 0.538498 0.051562 0.073194
1 0.427865 0.525190 0.048438 0.076996
1 0.385417 0.514734 0.052083 0.076996
2 0.449479 0.334601 0.033333 0.051331
2 0.455990 0.298479 0.031771 0.041825
