4 0.319792 0.310361 0.043750 0.076996
4 0.898438 0.824620 0.203125 0.244297
4 0.445312 0.298954 0.037500 0.061787
4 0.391667 0.317015 0.040625 0.063688
4 0.570052 0.288023 0.056771 0.112167
1 0.305729 0.664449 0.063542 0.108365
1 0.391667 0.621673 0.068750 0.079848
1 0.489323 0.571293 0.067187 0.079848
1 0.658594 0.627852 0.079687 0.075095
1 0.459635 0.478137 0.044271 0.076046
1 0.400521 0.474810 0.041667 0.063688
1 0.339062 0.461502 0.050000 0.063688
1 0.152604 0.489068 0.037500 0.076996
1 0.080469 0.499525 0.060937 0.069392
1 0.236458 0.435837 0.030208 0.052281
1 0.287500 0.436787 0.039583 0.050380
