4 0.321094 0.307985 0.046354 0.081749
1 0.089323 0.750475 0.095312 0.111217
1 0.265365 0.659696 0.085938 0.091255
1 0.197656 0.640684 0.073438 0.093156
1 0.469531 0.862167 0.098437 0.119772
1 0.535417 0.728612 0.054167 0.111217
1 0.658594 0.871673 0.092188 0.138783
1 0.132292 0.563213 0.062500 0.105513
1 0.071875 0.554183 0.047917 0.095057
1 0.228646 0.503327 0.048958 0.067490
1 0.331771 0.663023 0.077083 0.096008
1 0.400521 0.633555 0.069792 0.075095
1 0.410156 0.678232 0.059896 0.061787
1 0.593490 0.524715 0.038021 0.070342
1 0.523958 0.533745 0.043750 0.065589
1 0.513542 0.592205 0.062500 0.070342
1 0.516406 0.640684 0.064062 0.072243
1 0.563021 0.889259 0.089583 0.109316
1 0.730729 0.619772 0.076042 0.087452
1 0.638542 0.598859 0.060417 0.068441
1 0.578385 0.614544 0.064062 0.094106
1 0.890365 0.698669 0.079687 0.081749
1 0.769271 0.438213 0.034375 0.060837
0 0.464062 0.441065 0.018750 0.062738
2 0.386458 0.765209 0.171875 0.152091
