4 0.211979 0.648289 0.143750 0.277567
4 0.409375 0.432510 0.102083 0.228137
4 0.283073 0.384030 0.061979 0.123574
4 0.636979 0.329848 0.086458 0.108365
4 0.850260 0.722433 0.299479 0.431559
1 0.041406 0.661122 0.052604 0.122624
1 0.061198 0.554183 0.035937 0.087452
1 0.586719 0.767110 0.090104 0.112167
1 0.528385 0.807034 0.092188 0.112167
1 0.554688 0.883555 0.084375 0.105513
2 0.364063 0.728612 0.119792 0.219582
2 0.178385 0.500000 0.098437 0.108365
2 0.339844 0.451521 0.051562 0.083650
2 0.711979 0.479563 0.066667 0.075095
