4 0.210156 0.638308 0.150521 0.263308
4 0.411719 0.438688 0.099479 0.227186
4 0.285677 0.391635 0.065104 0.123574
4 0.636198 0.326046 0.084896 0.108365
4 0.850000 0.714354 0.300000 0.438213
1 0.585677 0.772814 0.081771 0.100760
1 0.527083 0.812738 0.084375 0.100760
1 0.562240 0.889734 0.100521 0.108365
1 0.035677 0.661597 0.047396 0.127376
1 0.057292 0.555608 0.032292 0.090304
2 0.365104 0.722433 0.118750 0.224335
2 0.179948 0.498099 0.088021 0.110266
2 0.341667 0.454848 0.055208 0.080798
2 0.711719 0.483840 0.070312 0.095057
