4 0.519010 0.671578 0.225521 0.206274
4 0.342448 0.354563 0.057813 0.091255
1 0.373437 0.754753 0.089583 0.095057
1 0.238802 0.777091 0.092188 0.094106
1 0.100260 0.755703 0.078646 0.100760
1 0.743229 0.799430 0.093750 0.106464
1 0.291927 0.615019 0.069271 0.087452
1 0.252083 0.721008 0.087500 0.094106
1 0.120573 0.672053 0.073438 0.089354
1 0.047656 0.685361 0.079687 0.098859
1 0.778906 0.643536 0.072396 0.087452
1 0.744531 0.730513 0.086979 0.107414
1 0.885938 0.717681 0.087500 0.108365
1 0.865365 0.613118 0.078646 0.077947
1 0.930729 0.599810 0.064583 0.072243
1 0.614844 0.513783 0.052604 0.076996
1 0.567969 0.530418 0.052604 0.079848
1 0.456771 0.520913 0.054167 0.072243
1 0.337760 0.590304 0.065104 0.079848
1 0.207813 0.625951 0.067708 0.082700
1 0.199740 0.560837 0.059896 0.072243
1 0.272656 0.528992 0.063021 0.082700
1 0.397917 0.457700 0.036458 0.059886
1 0.471354 0.442490 0.042708 0.054183
1 0.273177 0.419202 0.018229 0.062738
1 0.318490 0.426331 0.029687 0.054183
1 0.139063 0.503802 0.038542 0.070342
1 0.024219 0.532795 0.029687 0.084601
2 0.442448 0.389259 0.051562 0.076996
