0 0.8143229166666667 0.27230046948356806 0.030729166666666665 0.16666666666666666
0 0.91484375 0.4154929577464789 0.024479166666666666 0.20892018779342725
1 0.5916666666666667 0.10328638497652583 0.022916666666666665 0.107981220657277
1 0.5567708333333333 0.198943661971831 0.03229166666666666 0.142018779342723
1 0.5854166666666667 0.32805164319248825 0.030208333333333334 0.16549295774647887
1 0.6440104166666667 0.26291079812206575 0.030729166666666665 0.1572769953051643
1 0.6744791666666666 0.48063380281690143 0.040625 0.21244131455399062
1 0.7330729166666666 0.6232394366197184 0.04114583333333333 0.24647887323943662
1 0.8627604166666667 0.49589201877934275 0.03802083333333333 0.18896713615023475
1 0.8526041666666666 0.3597417840375587 0.041666666666666664 0.16784037558685447
3 0.45859374999999997 0.5422535211267606 0.15364583333333334 0.4084507042253521
