1 0.5609375 0.10446009389671362 0.02395833333333333 0.11737089201877934
1 0.5973958333333333 0.16079812206572772 0.030208333333333334 0.11971830985915494
1 0.60625 0.28286384976525825 0.03854166666666667 0.1572769953051643
1 0.6645833333333333 0.36913145539906106 0.04479166666666667 0.1795774647887324
1 0.7291666666666666 0.4624413145539906 0.03958333333333333 0.20187793427230047
1 0.8645833333333334 0.4935446009389671 0.041666666666666664 0.18427230046948356
1 0.8546874999999999 0.3573943661971831 0.034375 0.15375586854460094
1 0.7559895833333333 0.11561032863849766 0.0265625 0.12323943661971831
0 0.9184895833333333 0.42664319248826293 0.025520833333333333 0.1936619718309859
2 0.17604166666666665 0.2605633802816901 0.09791666666666667 0.1807511737089202
3 0.5299479166666666 0.45598591549295775 0.1828125 0.3626760563380282
