1 0.56953125 0.1402582159624413 0.0265625 0.13732394366197184
1 0.6127604166666667 0.17781690140845072 0.027604166666666666 0.1396713615023474
1 0.8513020833333333 0.3591549295774648 0.04114583333333333 0.1596244131455399
1 0.8630208333333333 0.4982394366197183 0.036458333333333336 0.20305164319248828
1 0.7901041666666666 0.8345070422535211 0.06875 0.31690140845070425
1 0.6963541666666666 0.7746478873239436 0.05416666666666667 0.2863849765258216
0 0.7458333333333333 0.09213615023474178 0.022916666666666665 0.11384976525821597
0 0.9174479166666667 0.4072769953051643 0.0328125 0.20657276995305165
0 0.8653645833333333 0.2881455399061033 0.0203125 0.14906103286384978
4 0.15520833333333334 0.3550469483568075 0.23854166666666665 0.6561032863849765
3 0.4153645833333333 0.4524647887323944 0.17760416666666667 0.5316901408450704
