4 0.3690104166666667 0.4595070422535211 0.1828125 0.5551643192488263
4 0.26666666666666666 0.15610328638497653 0.16041666666666665 0.31220657276995306
1 0.6450520833333333 0.6672535211267606 0.044270833333333336 0.26173708920187794
1 0.6372395833333333 0.27523474178403756 0.04010416666666666 0.16549295774647887
1 0.5341145833333333 0.12969483568075119 0.033854166666666664 0.13028169014084506
1 0.5984375 0.11971830985915494 0.028125 0.12206572769953052
1 0.8627604166666667 0.49882629107981225 0.04010416666666666 0.19248826291079812
1 0.8494791666666667 0.3591549295774648 0.035416666666666666 0.1596244131455399
0 0.7776041666666667 0.1637323943661972 0.021875 0.1396713615023474
0 0.915625 0.3615023474178404 0.028125 0.17370892018779344
0 0.8651041666666667 0.2869718309859155 0.02395833333333333 0.14906103286384978
