1 0.68125 0.5757042253521127 0.04375 0.25704225352112675
1 0.8677083333333333 0.49002347417840375 0.04583333333333333 0.2007042253521127
1 0.8526041666666666 0.36502347417840375 0.034375 0.1643192488262911
1 0.6494791666666666 0.11619718309859155 0.026041666666666668 0.1267605633802817
1 0.5919270833333333 0.04988262910798122 0.021354166666666667 0.09976525821596244
0 0.9184895833333333 0.4196009389671362 0.0265625 0.19131455399061034
0 0.8072916666666666 0.16666666666666666 0.02395833333333333 0.1431924882629108
2 0.2994791666666667 0.09565727699530517 0.08125 0.17253521126760563
3 0.3765625 0.7822769953051644 0.21145833333333333 0.4330985915492958
2 0.03984375 0.45129107981220656 0.0796875 0.20539906103286384
