1 0.60390625 0.15669014084507044 0.0296875 0.12323943661971831
1 0.65703125 0.2517605633802817 0.04114583333333333 0.16314553990610328
1 0.8513020833333333 0.35211267605633806 0.0359375 0.17370892018779344
1 0.8682291666666666 0.49765258215962443 0.030208333333333334 0.19014084507042253
1 0.7416666666666667 0.5305164319248826 0.042708333333333334 0.2323943661971831
1 0.6703125 0.4348591549295775 0.041666666666666664 0.17488262910798122
0 0.7651041666666667 0.15258215962441316 0.02395833333333333 0.13145539906103287
0 0.9192708333333334 0.4072769953051643 0.029166666666666667 0.20657276995305165
4 0.39166666666666666 0.3210093896713615 0.16666666666666666 0.5129107981220657
4 0.2375 0.20598591549295775 0.15416666666666667 0.4119718309859155
