1 0.7861979166666666 0.6748826291079812 0.043229166666666666 0.24647887323943662
1 0.7057291666666666 0.5428403755868545 0.041666666666666664 0.22183098591549297
1 0.6528645833333333 0.5440140845070423 0.03697916666666667 0.21948356807511737
1 0.5541666666666667 0.3902582159624413 0.03854166666666667 0.17488262910798122
1 0.66640625 0.33215962441314556 0.044270833333333336 0.16901408450704225
1 0.8643229166666666 0.5041079812206573 0.0453125 0.1936619718309859
1 0.8510416666666667 0.3597417840375587 0.028125 0.16784037558685447
1 0.56171875 0.12617370892018778 0.022395833333333334 0.1279342723004695
1 0.6197916666666666 0.056338028169014086 0.027083333333333334 0.11267605633802817
0 0.9190104166666666 0.3656103286384977 0.0203125 0.181924882629108
0 0.7791666666666667 0.1625586854460094 0.02395833333333333 0.13732394366197184
0 0.8653645833333333 0.2946009389671362 0.0234375 0.1572769953051643
