1 0.5794270833333334 0.24882629107981222 0.0359375 0.14553990610328638
1 0.6171875 0.5052816901408451 0.040625 0.20539906103286384
1 0.6658854166666667 0.4724178403755869 0.043229166666666666 0.21948356807511737
1 0.86328125 0.49471830985915494 0.0453125 0.18427230046948356
1 0.8497395833333333 0.3573943661971831 0.03802083333333333 0.15375586854460094
1 0.571875 0.11384976525821597 0.027083333333333334 0.1267605633802817
0 0.91875 0.41607981220657275 0.026041666666666668 0.1983568075117371
3 0.7119791666666666 0.1637323943661972 0.08645833333333333 0.24295774647887325
4 0.36744791666666665 0.3227699530516432 0.13802083333333334 0.4366197183098592
3 0.10208333333333333 0.198943661971831 0.18333333333333332 0.397887323943662
