1 0.6510416666666666 0.7083333333333334 0.05520833333333333 0.2711267605633803
1 0.7153645833333333 0.6443661971830986 0.04739583333333333 0.24882629107981222
1 0.590625 0.32159624413145543 0.04375 0.17136150234741784
1 0.5747395833333333 0.1643192488262911 0.030729166666666665 0.13145539906103287
1 0.5606770833333333 0.05046948356807512 0.028645833333333332 0.10093896713615023
1 0.8619791666666666 0.4982394366197183 0.046875 0.20305164319248828
1 0.8526041666666666 0.3609154929577465 0.034375 0.15140845070422534
0 0.9200520833333333 0.414906103286385 0.0296875 0.181924882629108
4 0.3455729166666667 0.4906103286384977 0.16197916666666667 0.5234741784037559
2 0.1890625 0.08568075117370892 0.07395833333333333 0.1267605633802817
3 0.06927083333333334 0.2934272300469484 0.13854166666666667 0.5516431924882629
3 0.71640625 0.17018779342723006 0.08385416666666666 0.23943661971830987
