1 0.56015625 0.0539906103286385 0.025520833333333333 0.107981220657277
1 0.49453125 0.2887323943661972 0.0328125 0.1619718309859155
1 0.5544270833333333 0.2881455399061033 0.0328125 0.16079812206572772
1 0.5770833333333333 0.2564553990610329 0.03125 0.1396713615023474
1 0.6450520833333333 0.318075117370892 0.043229166666666666 0.16901408450704225
1 0.5768229166666666 0.40669014084507044 0.0359375 0.19131455399061034
1 0.5885416666666666 0.6402582159624414 0.04479166666666667 0.25234741784037557
1 0.6575520833333334 0.5915492957746479 0.0453125 0.2347417840375587
1 0.86328125 0.49413145539906106 0.04010416666666666 0.19483568075117372
1 0.85 0.3615023474178404 0.034375 0.16901408450704225
0 0.81640625 0.25234741784037557 0.0265625 0.15258215962441316
0 0.9166666666666666 0.40610328638497656 0.030208333333333334 0.1971830985915493
0 0.8674479166666667 0.29107981220657275 0.0234375 0.1596244131455399
4 0.2872395833333333 0.14847417840375587 0.14322916666666666 0.29694835680751175
2 0.04609375 0.4301643192488263 0.0921875 0.22183098591549297
