1 0.5864583333333333 0.24589201877934272 0.028125 0.15140845070422534
1 0.5432291666666667 0.22241784037558687 0.026041666666666668 0.15375586854460094
1 0.5255208333333333 0.13438967136150234 0.025 0.11854460093896714
1 0.6059895833333333 0.09741784037558686 0.0265625 0.13145539906103287
1 0.8533854166666667 0.3573943661971831 0.03697916666666667 0.16314553990610328
1 0.865625 0.5029342723004695 0.04375 0.2007042253521127
0 0.7971354166666667 0.2323943661971831 0.027604166666666666 0.13849765258215962
0 0.8651041666666667 0.2934272300469484 0.020833333333333332 0.15492957746478875
0 0.9192708333333334 0.4055164319248826 0.029166666666666667 0.19131455399061034
2 0.21796875 0.04988262910798122 0.06822916666666666 0.09976525821596244
