1 0.6385416666666667 0.0539906103286385 0.03125 0.107981220657277
1 0.5869791666666666 0.2335680751173709 0.03125 0.13615023474178403
1 0.6286458333333333 0.3028169014084507 0.03125 0.17136150234741784
1 0.55390625 0.3544600938967136 0.033854166666666664 0.18309859154929578
1 0.746875 0.5586854460093896 0.053125 0.24413145539906103
1 0.8638020833333333 0.5070422535211268 0.03802083333333333 0.2112676056338028
1 0.8520833333333333 0.35387323943661975 0.034375 0.14906103286384978
0 0.8083333333333333 0.1643192488262911 0.022916666666666665 0.14788732394366197
0 0.9171874999999999 0.4166666666666667 0.027083333333333334 0.19483568075117372
2 0.20364583333333333 0.06338028169014084 0.065625 0.1267605633802817
4 0.3091145833333333 0.13086854460093897 0.11510416666666666 0.26173708920187794
2 0.07291666666666667 0.818075117370892 0.14583333333333334 0.3615023474178404
