1 0.5565104166666667 0.06631455399061033 0.0234375 0.11150234741784038
1 0.5802083333333333 0.0539906103286385 0.019791666666666666 0.107981220657277
1 0.5765625 0.18661971830985916 0.025 0.13849765258215962
1 0.6463541666666667 0.5011737089201878 0.036458333333333336 0.19953051643192488
1 0.8661458333333333 0.49765258215962443 0.03854166666666667 0.19483568075117372
1 0.8510416666666667 0.3609154929577465 0.030208333333333334 0.15610328638497653
0 0.8192708333333333 0.1784037558685446 0.020833333333333332 0.13849765258215962
0 0.9200520833333333 0.4119718309859155 0.0296875 0.19953051643192488
3 0.7145833333333333 0.16314553990610328 0.09166666666666666 0.24178403755868544
4 0.1890625 0.8063380281690141 0.35520833333333335 0.38497652582159625
