1 0.6609375 0.38380281690140844 0.04479166666666667 0.18309859154929578
1 0.8653645833333333 0.49237089201877937 0.03697916666666667 0.1983568075117371
1 0.8502604166666666 0.3615023474178404 0.0421875 0.16901408450704225
1 0.665625 0.2112676056338028 0.030208333333333334 0.1619718309859155
1 0.6127604166666667 0.16725352112676056 0.028645833333333332 0.142018779342723
1 0.6174479166666667 0.08333333333333333 0.022395833333333334 0.11502347417840376
1 0.5716145833333334 0.05223004694835681 0.022395833333333334 0.10211267605633803
1 0.54765625 0.051643192488262914 0.021354166666666667 0.09389671361502347
0 0.9130208333333333 0.409037558685446 0.028125 0.1936619718309859
0 0.8195312499999999 0.2705399061032864 0.027604166666666666 0.1467136150234742
0 0.8664062499999999 0.2934272300469484 0.025520833333333333 0.15258215962441316
2 0.36041666666666666 0.3720657276995305 0.10833333333333334 0.2136150234741784
3 0.5471354166666667 0.21948356807511737 0.10052083333333334 0.24882629107981222
