1 0.5278645833333333 0.4084507042253521 0.0296875 0.18544600938967137
1 0.5658854166666667 0.2623239436619718 0.034895833333333334 0.15375586854460094
1 0.6033854166666667 0.3192488262910798 0.03177083333333333 0.14788732394366197
1 0.6177083333333333 0.4624413145539906 0.03854166666666667 0.19483568075117372
1 0.8653645833333333 0.4970657276995305 0.03177083333333333 0.19131455399061034
1 0.8515625 0.36326291079812206 0.03229166666666666 0.16549295774647887
1 0.66796875 0.06455399061032864 0.018229166666666668 0.107981220657277
0 0.7572916666666667 0.07746478873239437 0.020833333333333332 0.11737089201877934
0 0.8989583333333333 0.36502347417840375 0.02395833333333333 0.19014084507042253
0 0.91796875 0.409037558685446 0.025520833333333333 0.20305164319248828
3 0.5729166666666666 0.09213615023474178 0.11145833333333333 0.18427230046948356
4 0.29765625 0.14143192488262912 0.14010416666666667 0.28286384976525825
