1 0.553125 0.04225352112676056 0.02395833333333333 0.08450704225352113
1 0.5807291666666666 0.08039906103286386 0.022916666666666665 0.1068075117370892
1 0.5755208333333334 0.15258215962441316 0.030208333333333334 0.11737089201877934
1 0.6315104166666666 0.2136150234741784 0.0296875 0.13849765258215962
1 0.70078125 0.29284037558685444 0.0359375 0.15375586854460094
1 0.7580729166666667 0.09330985915492958 0.0328125 0.12323943661971831
1 0.853125 0.35387323943661975 0.036458333333333336 0.15610328638497653
1 0.86484375 0.5070422535211268 0.0359375 0.19248826291079812
0 0.9205729166666666 0.41607981220657275 0.0265625 0.20305164319248828
3 0.57109375 0.3656103286384977 0.1421875 0.3274647887323944
2 0.2671875 0.09389671361502347 0.07395833333333333 0.1267605633802817
