1 0.6697916666666667 0.4782863849765258 0.041666666666666664 0.21009389671361503
1 0.7375 0.5721830985915493 0.04583333333333333 0.23826291079812206
1 0.8666666666666667 0.49413145539906106 0.04375 0.19483568075117372
1 0.8536458333333333 0.3532863849765258 0.03229166666666666 0.17136150234741784
1 0.59921875 0.10504694835680752 0.0203125 0.11384976525821597
1 0.5661458333333333 0.056924882629107984 0.019791666666666666 0.11384976525821597
0 0.7510416666666666 0.0897887323943662 0.019791666666666666 0.11619718309859155
0 0.9169270833333333 0.4084507042253521 0.028645833333333332 0.20187793427230047
0 0.8624999999999999 0.29284037558685444 0.021875 0.15140845070422534
3 0.44765625 0.3456572769953052 0.1671875 0.47300469483568075
4 0.23515624999999998 0.2142018779342723 0.18697916666666667 0.4284037558685446
