1 0.6424479166666667 0.28931924882629106 0.03802083333333333 0.1795774647887324
1 0.70390625 0.3984741784037559 0.0421875 0.1936619718309859
1 0.5890625 0.05223004694835681 0.02395833333333333 0.09741784037558686
1 0.8664062499999999 0.4935446009389671 0.04635416666666667 0.1983568075117371
1 0.85234375 0.34976525821596244 0.03697916666666667 0.18309859154929578
0 0.7557291666666667 0.090962441314554 0.02395833333333333 0.11854460093896714
0 0.91953125 0.4102112676056338 0.028645833333333332 0.2007042253521127
0 0.90078125 0.36737089201877937 0.018229166666666668 0.18544600938967137
4 0.2890625 0.1402582159624413 0.146875 0.2805164319248826
3 0.4783854166666667 0.2623239436619718 0.14427083333333332 0.3884976525821596
4 0.11432291666666666 0.6032863849765259 0.22864583333333333 0.7723004694835681
