1 0.65078125 0.5357981220657277 0.0515625 0.24061032863849766
1 0.865625 0.5029342723004695 0.040625 0.20305164319248828
1 0.85234375 0.36619718309859156 0.0421875 0.1643192488262911
1 0.5572916666666666 0.16666666666666666 0.03229166666666666 0.17370892018779344
1 0.5859375 0.10504694835680752 0.029166666666666667 0.13497652582159625
1 0.6091145833333333 0.17253521126760563 0.024479166666666666 0.14553990610328638
1 0.640625 0.13086854460093897 0.025 0.142018779342723
0 0.82109375 0.2711267605633803 0.03177083333333333 0.15258215962441316
0 0.9127604166666666 0.40610328638497656 0.033854166666666664 0.20657276995305165
2 0.13854166666666667 0.19014084507042253 0.10416666666666667 0.17370892018779344
2 0.03567708333333333 0.43896713615023475 0.07135416666666666 0.24882629107981222
4 0.41744791666666664 0.1402582159624413 0.11822916666666666 0.2805164319248826
