1 0.6013020833333333 0.5164319248826291 0.0421875 0.2136150234741784
1 0.6765625 0.5868544600938967 0.04375 0.22300469483568075
1 0.48020833333333335 0.7875586854460094 0.06770833333333333 0.255868544600939
1 0.6791666666666667 0.18896713615023475 0.03229166666666666 0.1431924882629108
1 0.8638020833333333 0.4970657276995305 0.0421875 0.19131455399061034
1 0.8510416666666667 0.3620892018779343 0.04375 0.14906103286384978
0 0.9208333333333333 0.40492957746478875 0.026041666666666668 0.2136150234741784
0 0.90078125 0.3685446009389671 0.0296875 0.19483568075117372
0 0.75390625 0.08274647887323944 0.0140625 0.12323943661971831
3 0.5346354166666667 0.1596244131455399 0.12552083333333333 0.3192488262910798
4 0.2109375 0.2916666666666667 0.21770833333333334 0.5715962441314554
