1 0.6078125 0.06279342723004695 0.034375 0.1091549295774648
1 0.6109375 0.1637323943661972 0.03229166666666666 0.14906103286384978
1 0.6729166666666666 0.2687793427230047 0.03125 0.1596244131455399
1 0.84921875 0.3609154929577465 0.034895833333333334 0.16079812206572772
1 0.8614583333333333 0.4964788732394366 0.040625 0.19953051643192488
1 0.6296875 0.7681924882629109 0.053125 0.29694835680751175
0 0.7684895833333333 0.1267605633802817 0.025520833333333333 0.1267605633802817
0 0.9174479166666667 0.4125586854460094 0.0234375 0.1960093896713615
4 0.4356770833333333 0.12147887323943662 0.10677083333333333 0.24295774647887325
2 0.20572916666666666 0.46185446009389675 0.10833333333333334 0.25704225352112675
2 0.20625 0.06748826291079812 0.07291666666666667 0.13497652582159625
