1 0.5796875 0.3656103286384977 0.03854166666666667 0.17253521126760563
1 0.6359375 0.44366197183098594 0.04583333333333333 0.18544600938967137
1 0.5057291666666667 0.5815727699530516 0.03333333333333333 0.2335680751173709
1 0.65390625 0.6543427230046949 0.043229166666666666 0.25
1 0.8651041666666667 0.48826291079812206 0.03958333333333333 0.18779342723004694
1 0.8453125 0.3615023474178404 0.04375 0.1784037558685446
1 0.6752604166666667 0.1255868544600939 0.024479166666666666 0.13380281690140847
0 0.7580729166666667 0.08802816901408451 0.019270833333333334 0.13145539906103287
0 0.8994791666666666 0.3620892018779343 0.025 0.1795774647887324
0 0.9182291666666667 0.40786384976525825 0.029166666666666667 0.1936619718309859
4 0.2604166666666667 0.20363849765258216 0.16354166666666667 0.4072769953051643
3 0.55703125 0.11737089201877934 0.11197916666666667 0.2347417840375587
