4 0.40781249999999997 0.21185446009389672 0.128125 0.3955399061032864
1 0.5890625 0.6302816901408451 0.04479166666666667 0.22300469483568075
1 0.6109375 0.7634976525821596 0.040625 0.24530516431924884
1 0.7041666666666666 0.8703051643192489 0.05416666666666667 0.25704225352112675
1 0.7981770833333334 0.8679577464788732 0.06927083333333334 0.26173708920187794
1 0.7106770833333333 0.5616197183098591 0.05572916666666666 0.2312206572769953
1 0.5877604166666667 0.3116197183098592 0.033854166666666664 0.16549295774647887
1 0.6265625 0.1437793427230047 0.028125 0.13732394366197184
1 0.5838541666666667 0.04753521126760563 0.025 0.09507042253521127
1 0.8630208333333333 0.5158450704225352 0.04375 0.21244131455399062
1 0.8510416666666667 0.3656103286384977 0.035416666666666666 0.16549295774647887
0 0.9177083333333333 0.3626760563380282 0.028125 0.17605633802816903
0 0.7776041666666667 0.1637323943661972 0.021875 0.1443661971830986
0 0.8671875 0.29636150234741787 0.027083333333333334 0.15610328638497653
0 0.7986979166666667 0.17253521126760563 0.018229166666666668 0.13145539906103287
