1 0.68515625 0.31396713615023475 0.0328125 0.1936619718309859
1 0.6098958333333333 0.16314553990610328 0.01875 0.15492957746478875
1 0.5807291666666666 0.11854460093896714 0.02395833333333333 0.1267605633802817
1 0.5348958333333333 0.14964788732394366 0.03125 0.15375586854460094
1 0.62421875 0.12147887323943662 0.0265625 0.1279342723004695
1 0.8630208333333333 0.49765258215962443 0.04375 0.19483568075117372
1 0.8486979166666666 0.3562206572769953 0.0359375 0.16314553990610328
0 0.9177083333333333 0.4131455399061033 0.026041666666666668 0.18779342723004694
0 0.8072916666666666 0.1637323943661972 0.025 0.13497652582159625
2 0.20677083333333332 0.37265258215962443 0.11354166666666667 0.25704225352112675
2 0.14088541666666665 0.21244131455399062 0.0890625 0.1619718309859155
