0 0.8221354166666667 0.2705399061032864 0.028645833333333332 0.142018779342723
0 0.9161458333333333 0.40786384976525825 0.034375 0.18661971830985916
1 0.6859375 0.5099765258215962 0.04895833333333333 0.20539906103286384
1 0.6630208333333333 0.7318075117370892 0.04375 0.25234741784037557
1 0.6377604166666666 0.5692488262910799 0.049479166666666664 0.24413145539906103
1 0.5817708333333333 0.5246478873239436 0.04583333333333333 0.23004694835680753
1 0.6122395833333333 0.2576291079812207 0.03177083333333333 0.1443661971830986
1 0.6130208333333333 0.06103286384976526 0.028125 0.11267605633802817
1 0.5484375 0.045774647887323945 0.026041666666666668 0.09154929577464789
1 0.8640625 0.4964788732394366 0.03333333333333333 0.19014084507042253
1 0.8515625 0.36326291079812206 0.03958333333333333 0.15845070422535212
2 0.17083333333333334 0.13321596244131456 0.08229166666666667 0.17018779342723006
0 0.8651041666666667 0.2934272300469484 0.028125 0.15023474178403756
