1 0.6458333333333334 0.6126760563380281 0.035416666666666666 0.23943661971830987
1 0.6244791666666667 0.6748826291079812 0.035416666666666666 0.255868544600939
1 0.60390625 0.812793427230047 0.0421875 0.27816901408450706
1 0.76953125 0.7758215962441315 0.057812499999999996 0.2535211267605634
1 0.8609375 0.49471830985915494 0.036458333333333336 0.18661971830985916
1 0.8505208333333333 0.3644366197183099 0.03333333333333333 0.16314553990610328
1 0.6028645833333334 0.18544600938967137 0.034895833333333334 0.14553990610328638
0 0.8156249999999999 0.2699530516431925 0.021875 0.1619718309859155
0 0.9119791666666667 0.4072769953051643 0.026041666666666668 0.19483568075117372
0 0.8658854166666666 0.29636150234741787 0.021354166666666667 0.16784037558685447
4 0.13645833333333332 0.45833333333333337 0.27291666666666664 0.7875586854460094
2 0.41901041666666666 0.09154929577464789 0.07239583333333333 0.13615023474178403
3 0.59140625 0.08509389671361503 0.0828125 0.17018779342723006
