1 0.6434895833333333 0.3104460093896714 0.033854166666666664 0.14906103286384978
1 0.6463541666666667 0.20833333333333334 0.026041666666666668 0.13497652582159625
1 0.5895833333333333 0.056338028169014086 0.025 0.11267605633802817
1 0.53984375 0.06455399061032864 0.022395833333333334 0.11737089201877934
1 0.8645833333333334 0.4970657276995305 0.03333333333333333 0.20539906103286384
1 0.8510416666666667 0.3562206572769953 0.03229166666666666 0.1795774647887324
0 0.89921875 0.3615023474178404 0.028645833333333332 0.1619718309859155
0 0.9210937499999999 0.409037558685446 0.028645833333333332 0.1936619718309859
4 0.27291666666666664 0.1643192488262911 0.15 0.3286384976525822
4 0.08984375 0.5927230046948357 0.1796875 0.8122065727699531
