1 0.6229166666666667 0.09859154929577466 0.03125 0.13380281690140847
1 0.6067708333333334 0.35211267605633806 0.03125 0.1643192488262911
1 0.6606770833333333 0.3198356807511737 0.03177083333333333 0.1443661971830986
1 0.6549479166666666 0.43838028169014087 0.028645833333333332 0.20539906103286384
1 0.61171875 0.6426056338028169 0.043229166666666666 0.25
1 0.85 0.3615023474178404 0.03854166666666667 0.17136150234741784
1 0.8661458333333333 0.5 0.042708333333333334 0.19014084507042253
1 0.83671875 0.8726525821596244 0.059895833333333336 0.25234741784037557
0 0.9143229166666667 0.42077464788732394 0.0328125 0.1936619718309859
0 0.8067708333333333 0.16960093896713616 0.021875 0.13262910798122066
4 0.25494791666666666 0.21948356807511737 0.15364583333333334 0.43896713615023475
2 0.12864583333333332 0.19014084507042253 0.1 0.19953051643192488
