1 0.5697916666666667 0.09213615023474178 0.020833333333333332 0.12089201877934272
1 0.5971354166666667 0.35387323943661975 0.03802083333333333 0.18661971830985916
1 0.5614583333333333 0.3967136150234742 0.03333333333333333 0.20892018779342725
1 0.5125 0.4166666666666667 0.040625 0.19014084507042253
1 0.6760416666666667 0.4225352112676056 0.041666666666666664 0.19248826291079812
1 0.6044270833333333 0.5575117370892019 0.05260416666666667 0.2183098591549296
1 0.7013020833333333 0.8186619718309859 0.0484375 0.2946009389671362
1 0.65 0.8814553990610329 0.0625 0.2347417840375587
0 0.81484375 0.26173708920187794 0.028645833333333332 0.15492957746478875
0 0.9169270833333333 0.40492957746478875 0.028645833333333332 0.20422535211267606
0 0.86796875 0.2934272300469484 0.022395833333333334 0.1643192488262911
4 0.24817708333333333 0.20950704225352113 0.17239583333333333 0.41901408450704225
