1 0.6145833333333334 0.1643192488262911 0.028125 0.14084507042253522
1 0.5606770833333333 0.1279342723004695 0.0328125 0.12910798122065728
1 0.5361979166666666 0.12910798122065728 0.0296875 0.1056338028169014
1 0.5033854166666667 0.08450704225352113 0.0265625 0.11267605633802817
1 0.5338541666666666 0.1936619718309859 0.030208333333333334 0.11971830985915494
1 0.5424479166666667 0.3098591549295775 0.0328125 0.1596244131455399
1 0.6010416666666667 0.3257042253521127 0.03229166666666666 0.16314553990610328
1 0.86484375 0.49178403755868544 0.0421875 0.18309859154929578
1 0.8479166666666667 0.35563380281690143 0.03333333333333333 0.1619718309859155
0 0.80546875 0.23708920187793428 0.027604166666666666 0.14084507042253522
0 0.8653645833333333 0.2881455399061033 0.0203125 0.14906103286384978
0 0.9200520833333333 0.40962441314553993 0.0265625 0.19953051643192488
2 0.17838541666666666 0.13262910798122066 0.07552083333333333 0.13849765258215962
