1 0.7911458333333333 0.6965962441314554 0.046875 0.2664319248826291
1 0.6955729166666667 0.602112676056338 0.04635416666666667 0.2136150234741784
1 0.8661458333333333 0.5088028169014085 0.042708333333333334 0.18896713615023475
1 0.68125 0.3568075117370892 0.035416666666666666 0.17370892018779344
1 0.85390625 0.35387323943661975 0.03802083333333333 0.14906103286384978
1 0.6203125 0.22417840375586856 0.030208333333333334 0.14084507042253522
0 0.7658854166666667 0.15551643192488263 0.022395833333333334 0.13028169014084506
0 0.9145833333333333 0.40434272300469487 0.030208333333333334 0.2007042253521127
4 0.3690104166666667 0.5223004694835681 0.22447916666666667 0.6948356807511737
4 0.18802083333333333 0.28286384976525825 0.18333333333333332 0.511737089201878
