1 0.5953125 0.31866197183098594 0.030208333333333334 0.16549295774647887
1 0.5356770833333333 0.29107981220657275 0.025520833333333333 0.1596244131455399
1 0.5807291666666666 0.23415492957746478 0.022916666666666665 0.13732394366197184
1 0.5502604166666667 0.17077464788732394 0.024479166666666666 0.1396713615023474
1 0.7786458333333334 0.7681924882629109 0.05 0.2664319248826291
1 0.8622395833333333 0.49471830985915494 0.034895833333333334 0.18427230046948356
1 0.8520833333333333 0.3544600938967136 0.0375 0.16666666666666666
0 0.7505208333333333 0.07805164319248827 0.019791666666666666 0.11384976525821597
0 0.89921875 0.3597417840375587 0.0234375 0.18427230046948356
0 0.9182291666666667 0.4166666666666667 0.03333333333333333 0.20422535211267606
4 0.10338541666666666 0.5862676056338029 0.20677083333333332 0.8016431924882629
