1 0.5838541666666667 0.13028169014084506 0.021875 0.1431924882629108
1 0.853125 0.3644366197183099 0.03333333333333333 0.15375586854460094
1 0.8682291666666666 0.5046948356807511 0.042708333333333334 0.20892018779342725
1 0.7104166666666667 0.5539906103286385 0.04791666666666666 0.24413145539906103
1 0.6166666666666667 0.45129107981220656 0.03229166666666666 0.1960093896713615
1 0.5888020833333333 0.4994131455399061 0.03697916666666667 0.2476525821596244
1 0.5484375 0.5586854460093896 0.036458333333333336 0.23004694835680753
1 0.63203125 0.7605633802816901 0.0390625 0.2746478873239437
0 0.8192708333333333 0.26467136150234744 0.03125 0.15610328638497653
0 0.91484375 0.4102112676056338 0.027604166666666666 0.18896713615023475
0 0.8658854166666666 0.289906103286385 0.021354166666666667 0.1572769953051643
3 0.6046875 0.06514084507042253 0.06770833333333333 0.13028169014084506
2 0.4270833333333333 0.04988262910798122 0.0625 0.09976525821596244
4 0.20390624999999998 0.29107981220657275 0.20052083333333334 0.5821596244131455
