4 0.3328125 0.6525821596244131 0.23854166666666665 0.6924882629107981
4 0.22604166666666667 0.22183098591549297 0.20104166666666667 0.44366197183098594
1 0.5403645833333334 0.1971830985915493 0.0359375 0.14788732394366197
1 0.6533854166666666 0.3591549295774648 0.0484375 0.18779342723004694
1 0.6044270833333333 0.17077464788732394 0.03177083333333333 0.1396713615023474
1 0.8643229166666666 0.5035211267605634 0.0328125 0.18779342723004694
1 0.8513020833333333 0.3615023474178404 0.034895833333333334 0.17136150234741784
0 0.9166666666666666 0.357981220657277 0.030208333333333334 0.1807511737089202
0 0.7783854166666666 0.16314553990610328 0.021354166666666667 0.13380281690140847
0 0.8645833333333334 0.2881455399061033 0.026041666666666668 0.14906103286384978
