1 0.71640625 0.6414319248826291 0.059895833333333336 0.2875586854460094
1 0.57578125 0.4471830985915493 0.0453125 0.215962441314554
1 0.6255208333333333 0.3039906103286385 0.034375 0.19248826291079812
1 0.5244791666666666 0.12206572769953052 0.03125 0.13380281690140847
1 0.5729166666666666 0.10035211267605634 0.025 0.1255868544600939
1 0.6067708333333334 0.0545774647887324 0.025 0.1091549295774648
4 0.11614583333333334 0.5369718309859155 0.23229166666666667 0.9237089201877935
1 0.8638020833333333 0.49589201877934275 0.0359375 0.1795774647887324
1 0.8497395833333333 0.3615023474178404 0.0296875 0.15492957746478875
0 0.91171875 0.357981220657277 0.027604166666666666 0.18544600938967137
0 0.7783854166666666 0.16607981220657278 0.021354166666666667 0.14906103286384978
