1 0.6265625 0.39084507042253525 0.04791666666666666 0.20422535211267606
1 0.6109375 0.8444835680751174 0.057291666666666664 0.2992957746478873
1 0.68359375 0.8538732394366197 0.057812499999999996 0.289906103286385
1 0.7278645833333334 0.7065727699530516 0.05364583333333333 0.2652582159624413
1 0.5528645833333333 0.09565727699530517 0.024479166666666666 0.11854460093896714
1 0.5848958333333333 0.06338028169014084 0.02395833333333333 0.1267605633802817
1 0.6067708333333334 0.10446009389671362 0.019791666666666666 0.1267605633802817
1 0.6536458333333334 0.07863849765258216 0.030208333333333334 0.12441314553990611
1 0.8653645833333333 0.505868544600939 0.0515625 0.22300469483568075
1 0.8567708333333334 0.3591549295774648 0.04791666666666666 0.1643192488262911
0 0.8171875 0.27406103286384975 0.03125 0.18896713615023475
0 0.9143229166666667 0.40962441314553993 0.028645833333333332 0.20422535211267606
2 0.09583333333333333 0.2693661971830986 0.1 0.1983568075117371
2 0.18567708333333333 0.09272300469483569 0.08177083333333333 0.13145539906103287
