1 0.58203125 0.0545774647887324 0.024479166666666666 0.1091549295774648
1 0.6229166666666667 0.11678403755868545 0.028125 0.1279342723004695
1 0.6213541666666667 0.232981220657277 0.034375 0.14906103286384978
1 0.6854166666666667 0.3415492957746479 0.03958333333333333 0.1807511737089202
1 0.85234375 0.357981220657277 0.0453125 0.1572769953051643
1 0.8630208333333333 0.488849765258216 0.03229166666666666 0.1983568075117371
0 0.7674479166666667 0.13556338028169015 0.0203125 0.1255868544600939
2 0.14375 0.6502347417840376 0.13958333333333334 0.2887323943661972
2 0.15729166666666666 0.15199530516431925 0.08645833333333333 0.15845070422535212
4 0.42213541666666665 0.1602112676056338 0.12447916666666667 0.3204225352112676
4 0.2955729166666667 0.11091549295774648 0.12239583333333333 0.22183098591549297
