0 0.8192708333333333 0.27582159624413144 0.027083333333333334 0.15492957746478875
0 0.9153645833333334 0.4113849765258216 0.028645833333333332 0.19131455399061034
1 0.6684895833333333 0.5357981220657277 0.04635416666666667 0.21244131455399062
1 0.8604166666666666 0.4935446009389671 0.04583333333333333 0.18661971830985916
1 0.8515625 0.36326291079812206 0.03958333333333333 0.16784037558685447
1 0.6822916666666666 0.31866197183098594 0.03854166666666667 0.1772300469483568
1 0.6315104166666666 0.2529342723004695 0.03802083333333333 0.16314553990610328
1 0.6283854166666667 0.13262910798122066 0.033854166666666664 0.13145539906103287
1 0.5763020833333333 0.11091549295774648 0.024479166666666666 0.12323943661971831
3 0.521875 0.306924882629108 0.11458333333333333 0.2805164319248826
2 0.3091145833333333 0.6009389671361502 0.14635416666666667 0.2887323943661972
