1 0.7322916666666667 0.8063380281690141 0.058333333333333334 0.3098591549295775
1 0.7440104166666667 0.5199530516431925 0.0390625 0.215962441314554
1 0.67421875 0.4278169014084507 0.04010416666666666 0.1936619718309859
1 0.6307291666666667 0.4284037558685446 0.03229166666666666 0.18779342723004694
1 0.65703125 0.24882629107981222 0.0390625 0.15492957746478875
1 0.5375 0.27699530516431925 0.030208333333333334 0.15023474178403756
1 0.8638020833333333 0.4964788732394366 0.0359375 0.19014084507042253
1 0.8526041666666666 0.3626760563380282 0.03229166666666666 0.16666666666666666
1 0.5567708333333333 0.06103286384976526 0.03125 0.10328638497652583
4 0.30833333333333335 0.7541079812206573 0.2833333333333333 0.4894366197183099
0 0.9169270833333333 0.36032863849765256 0.03177083333333333 0.1807511737089202
0 0.7799479166666666 0.15669014084507044 0.025520833333333333 0.1396713615023474
