1 0.7018229166666666 0.4166666666666667 0.034895833333333334 0.1619718309859155
1 0.71015625 0.6015258215962441 0.034895833333333334 0.22183098591549297
1 0.8619791666666666 0.49119718309859156 0.0375 0.1795774647887324
1 0.84921875 0.36326291079812206 0.03697916666666667 0.1467136150234742
1 0.5908854166666666 0.17312206572769953 0.027604166666666666 0.1396713615023474
1 0.54296875 0.14906103286384978 0.0203125 0.11737089201877934
1 0.5302083333333333 0.058098591549295774 0.026041666666666668 0.1091549295774648
0 0.7497395833333333 0.06866197183098592 0.022395833333333334 0.11854460093896714
0 0.9013020833333333 0.3615023474178404 0.024479166666666666 0.1807511737089202
0 0.9190104166666666 0.4107981220657277 0.027604166666666666 0.19014084507042253
4 0.17708333333333334 0.33392018779342725 0.23854166666666665 0.6678403755868545
