1 0.5778645833333333 0.18309859154929578 0.025520833333333333 0.13849765258215962
1 0.5395833333333333 0.15023474178403756 0.025 0.14084507042253522
1 0.5973958333333333 0.062206572769953054 0.02395833333333333 0.11737089201877934
1 0.5497395833333333 0.05516431924882629 0.021354166666666667 0.11032863849765258
1 0.51953125 0.08509389671361503 0.021354166666666667 0.1091549295774648
1 0.8502604166666666 0.363849765258216 0.03697916666666667 0.1572769953051643
1 0.8664062499999999 0.49471830985915494 0.03802083333333333 0.18427230046948356
0 0.7895833333333333 0.22887323943661972 0.028125 0.13849765258215962
0 0.9200520833333333 0.4119718309859155 0.025520833333333333 0.19953051643192488
0 0.86796875 0.2916666666666667 0.022395833333333334 0.15610328638497653
4 0.10442708333333334 0.5833333333333334 0.20885416666666667 0.8309859154929577
