1 0.5994791666666667 0.23650234741784038 0.034375 0.14906103286384978
1 0.8552083333333333 0.34800469483568075 0.046875 0.142018779342723
1 0.8635416666666667 0.49589201877934275 0.036458333333333336 0.18896713615023475
1 0.7286458333333333 0.6285211267605634 0.04791666666666666 0.25234741784037557
1 0.67265625 0.7059859154929577 0.05260416666666667 0.2312206572769953
1 0.7432291666666666 0.8568075117370892 0.053125 0.284037558685446
0 0.8125 0.16666666666666666 0.021875 0.12441314553990611
0 0.9190104166666666 0.42136150234741787 0.028645833333333332 0.19248826291079812
4 0.27317708333333335 0.17077464788732394 0.14739583333333334 0.3415492957746479
4 0.11328125 0.6437793427230047 0.2265625 0.710093896713615
3 0.6330729166666667 0.08098591549295775 0.10052083333333334 0.1619718309859155
