0 0.8203125 0.2687793427230047 0.025 0.1572769953051643
0 0.9177083333333333 0.3984741784037559 0.03229166666666666 0.18896713615023475
1 0.6010416666666667 0.17429577464788734 0.025 0.1396713615023474
1 0.56640625 0.3427230046948357 0.03177083333333333 0.18779342723004694
1 0.6604166666666667 0.3755868544600939 0.036458333333333336 0.17136150234741784
1 0.60390625 0.39730046948356806 0.0390625 0.15610328638497653
1 0.6171875 0.4970657276995305 0.036458333333333336 0.1795774647887324
1 0.71953125 0.6936619718309859 0.04635416666666667 0.24882629107981222
1 0.8473958333333333 0.35387323943661975 0.035416666666666666 0.15845070422535212
1 0.8638020833333333 0.49765258215962443 0.0296875 0.19014084507042253
3 0.41432291666666665 0.7153755868544601 0.1796875 0.47535211267605637
