1 0.5692708333333333 0.19542253521126762 0.030208333333333334 0.1396713615023474
1 0.6192708333333333 0.284037558685446 0.034375 0.16901408450704225
1 0.7588541666666666 0.15258215962441316 0.027083333333333334 0.13145539906103287
1 0.8520833333333333 0.36737089201877937 0.034375 0.1596244131455399
1 0.86484375 0.5011737089201878 0.03802083333333333 0.19953051643192488
1 0.6479166666666667 0.4454225352112676 0.04479166666666667 0.20774647887323944
1 0.6919270833333333 0.6032863849765259 0.057812499999999996 0.2347417840375587
1 0.7653645833333333 0.715962441314554 0.05677083333333333 0.2652582159624413
0 0.9171874999999999 0.4196009389671362 0.028125 0.181924882629108
3 0.4817708333333333 0.5528169014084507 0.1625 0.3755868544600939
2 0.04635416666666667 0.551056338028169 0.09270833333333334 0.26173708920187794
