1 0.5005208333333333 0.1784037558685446 0.035416666666666666 0.14788732394366197
1 0.56953125 0.18485915492957747 0.025520833333333333 0.15140845070422534
1 0.5458333333333333 0.19953051643192488 0.026041666666666668 0.12206572769953052
1 0.6278645833333333 0.22241784037558687 0.0328125 0.1443661971830986
1 0.55390625 0.2881455399061033 0.0296875 0.16314553990610328
1 0.5567708333333333 0.44483568075117375 0.040625 0.18544600938967137
1 0.6270833333333333 0.4442488262910798 0.03958333333333333 0.18427230046948356
1 0.8671875 0.4970657276995305 0.035416666666666666 0.2007042253521127
1 0.85234375 0.3620892018779343 0.0390625 0.15845070422535212
0 0.8114583333333333 0.24237089201877934 0.03125 0.14906103286384978
0 0.9203125 0.4072769953051643 0.027083333333333334 0.19014084507042253
0 0.86796875 0.29284037558685444 0.021354166666666667 0.16079812206572772
2 0.11458333333333333 0.24354460093896715 0.10625 0.16314553990610328
