1 0.8515625 0.36326291079812206 0.035416666666666666 0.16549295774647887
1 0.8627604166666667 0.5046948356807511 0.044270833333333336 0.1971830985915493
1 0.58671875 0.06103286384976526 0.0203125 0.11502347417840376
1 0.6375 0.318075117370892 0.03333333333333333 0.17605633802816903
1 0.69765625 0.4847417840375587 0.04635416666666667 0.23004694835680753
1 0.7260416666666667 0.8245305164319249 0.046875 0.28286384976525825
1 0.853125 0.8644366197183099 0.06875 0.2687793427230047
0 0.76328125 0.16842723004694837 0.0203125 0.13497652582159625
0 0.9151041666666666 0.4154929577464789 0.02395833333333333 0.20657276995305165
4 0.14166666666666666 0.4025821596244131 0.22395833333333334 0.6408450704225352
4 0.3229166666666667 0.6643192488262911 0.2739583333333333 0.6690140845070423
