1 0.6231770833333333 0.0721830985915493 0.0203125 0.11150234741784038
1 0.5997395833333333 0.1068075117370892 0.021354166666666667 0.13145539906103287
1 0.58046875 0.0698356807511737 0.0203125 0.11384976525821597
1 0.5411458333333333 0.07394366197183098 0.026041666666666668 0.11971830985915494
1 0.6669270833333333 0.2165492957746479 0.03697916666666667 0.16079812206572772
1 0.8622395833333333 0.5011737089201878 0.03697916666666667 0.18779342723004694
1 0.8518229166666667 0.3562206572769953 0.0359375 0.15140845070422534
1 0.76328125 0.8937793427230047 0.0640625 0.21009389671361503
0 0.809375 0.16314553990610328 0.025 0.13615023474178403
0 0.9158854166666667 0.4154929577464789 0.0265625 0.19953051643192488
2 0.25286458333333334 0.2183098591549296 0.09010416666666667 0.2136150234741784
2 0.19817708333333334 0.08744131455399061 0.06302083333333333 0.12089201877934272
