4 0.15755208333333334 0.3362676056338028 0.26197916666666665 0.6725352112676056
1 0.6778645833333333 0.47124413145539906 0.04739583333333333 0.21244131455399062
1 0.5502604166666667 0.31396713615023475 0.033854166666666664 0.17488262910798122
1 0.61328125 0.2312206572769953 0.03177083333333333 0.14553990610328638
1 0.5223958333333333 0.05868544600938967 0.026041666666666668 0.11737089201877934
1 0.56796875 0.061619718309859156 0.0265625 0.12323943661971831
1 0.8658854166666666 0.5041079812206573 0.04010416666666666 0.18661971830985916
1 0.8515625 0.36971830985915494 0.035416666666666666 0.15492957746478875
0 0.9140625 0.3620892018779343 0.034375 0.181924882629108
0 0.7791666666666667 0.16314553990610328 0.02395833333333333 0.1431924882629108
