1 0.621875 0.23650234741784038 0.03333333333333333 0.14906103286384978
1 0.6434895833333333 0.07453051643192489 0.0265625 0.10446009389671362
1 0.8640625 0.49178403755868544 0.03333333333333333 0.18779342723004694
1 0.85 0.3609154929577465 0.030208333333333334 0.17253521126760563
1 0.6630208333333333 0.8814553990610329 0.04895833333333333 0.2347417840375587
0 0.8158854166666667 0.2681924882629108 0.018229166666666668 0.1467136150234742
0 0.9119791666666667 0.4137323943661972 0.030208333333333334 0.1960093896713615
0 0.8671875 0.29107981220657275 0.020833333333333332 0.1643192488262911
2 0.4046875 0.1596244131455399 0.08020833333333333 0.1596244131455399
3 0.5765625 0.11795774647887325 0.084375 0.2007042253521127
4 0.1109375 0.5827464788732395 0.221875 0.8321596244131455
