1 0.7421875 0.7318075117370892 0.06145833333333333 0.2711267605633803
1 0.61328125 0.8755868544600939 0.05260416666666667 0.24647887323943662
1 0.61015625 0.4424882629107981 0.03802083333333333 0.20892018779342725
1 0.6294270833333333 0.20715962441314553 0.03802083333333333 0.16314553990610328
1 0.8630208333333333 0.5052816901408451 0.035416666666666666 0.1960093896713615
1 0.8502604166666666 0.3615023474178404 0.034895833333333334 0.16901408450704225
1 0.5916666666666667 0.07805164319248827 0.025 0.11150234741784038
1 0.5315104166666667 0.06279342723004695 0.025520833333333333 0.1091549295774648
4 0.390625 0.3227699530516432 0.14895833333333333 0.4765258215962441
0 0.9161458333333333 0.36619718309859156 0.03333333333333333 0.1784037558685446
0 0.778125 0.16549295774647887 0.021875 0.13849765258215962
0 0.79921875 0.1766431924882629 0.0203125 0.13732394366197184
