1 0.86796875 0.5005868544600939 0.04114583333333333 0.181924882629108
1 0.8510416666666667 0.3550469483568075 0.040625 0.1443661971830986
1 0.67890625 0.43603286384976525 0.034895833333333334 0.17488262910798122
1 0.6856770833333333 0.6044600938967136 0.0421875 0.24413145539906103
1 0.6315104166666666 0.4841549295774648 0.0359375 0.1936619718309859
1 0.6098958333333333 0.14847417840375587 0.026041666666666668 0.13497652582159625
0 0.8111979166666666 0.17077464788732394 0.021354166666666667 0.16079812206572772
0 0.91796875 0.41725352112676056 0.0265625 0.18427230046948356
2 0.04973958333333333 0.3421361502347418 0.09947916666666666 0.2359154929577465
4 0.19817708333333334 0.3685446009389671 0.19947916666666665 0.5727699530516432
