1 0.83203125 0.852699530516432 0.06614583333333333 0.289906103286385
1 0.7390625 0.6801643192488263 0.05625 0.25
1 0.671875 0.6713615023474179 0.041666666666666664 0.24882629107981222
1 0.57734375 0.5346244131455399 0.04010416666666666 0.20305164319248828
1 0.6848958333333334 0.4330985915492958 0.04791666666666666 0.19953051643192488
1 0.5729166666666666 0.198943661971831 0.035416666666666666 0.1443661971830986
1 0.6229166666666667 0.09507042253521127 0.03125 0.13380281690140847
1 0.8624999999999999 0.5005868544600939 0.03333333333333333 0.181924882629108
1 0.8484375 0.36795774647887325 0.030208333333333334 0.17018779342723006
4 0.4184895833333333 0.14847417840375587 0.11510416666666666 0.29694835680751175
4 0.9151041666666666 0.36795774647887325 0.025 0.1936619718309859
4 0.7794270833333333 0.1637323943661972 0.0203125 0.1396713615023474
