1 0.709375 0.43603286384976525 0.04791666666666666 0.2007042253521127
1 0.8630208333333333 0.49178403755868544 0.04479166666666667 0.1807511737089202
1 0.8552083333333333 0.34976525821596244 0.04375 0.17605633802816903
1 0.6466145833333333 0.3268779342723005 0.024479166666666666 0.16549295774647887
1 0.6395833333333333 0.1813380281690141 0.029166666666666667 0.15375586854460094
1 0.5921875 0.09272300469483569 0.019791666666666666 0.12910798122065728
0 0.7666666666666666 0.14788732394366197 0.026041666666666668 0.14084507042253522
0 0.91796875 0.4084507042253521 0.030729166666666665 0.19483568075117372
4 0.2677083333333333 0.15610328638497653 0.13020833333333334 0.31220657276995306
4 0.40651041666666665 0.23004694835680753 0.14322916666666666 0.46009389671361506
2 0.07708333333333334 0.2887323943661972 0.11041666666666666 0.20657276995305165
2 0.0671875 0.8902582159624414 0.134375 0.21713615023474178
