1 0.7609375 0.9014084507042254 0.059375 0.19483568075117372
1 0.6078125 0.6343896713615024 0.042708333333333334 0.2312206572769953
1 0.5408854166666667 0.488849765258216 0.043229166666666666 0.20774647887323944
1 0.69921875 0.49295774647887325 0.03697916666666667 0.1971830985915493
1 0.6158854166666666 0.4853286384976526 0.030729166666666665 0.18661971830985916
1 0.6450520833333333 0.4025821596244131 0.0359375 0.18544600938967137
1 0.57890625 0.3057511737089202 0.03177083333333333 0.16784037558685447
1 0.8635416666666667 0.49765258215962443 0.035416666666666666 0.19014084507042253
1 0.8489583333333334 0.3644366197183099 0.03125 0.1443661971830986
1 0.5854166666666667 0.07511737089201878 0.02395833333333333 0.10328638497652583
0 0.9416666666666667 0.42370892018779344 0.03229166666666666 0.19014084507042253
0 0.9125 0.3597417840375587 0.025 0.16784037558685447
0 0.77890625 0.15845070422535212 0.019270833333333334 0.12441314553990611
