0 0.8182291666666667 0.2699530516431925 0.01875 0.16666666666666666
0 0.9109375 0.4113849765258216 0.028125 0.2007042253521127
1 0.5838541666666667 0.05516431924882629 0.020833333333333332 0.107981220657277
1 0.5458333333333333 0.10856807511737089 0.027083333333333334 0.11619718309859155
1 0.5744791666666667 0.22183098591549297 0.028125 0.1431924882629108
1 0.6338541666666666 0.1983568075117371 0.03333333333333333 0.1267605633802817
1 0.6505208333333333 0.3315727699530516 0.03229166666666666 0.16784037558685447
1 0.7130208333333333 0.4424882629107981 0.035416666666666666 0.1971830985915493
1 0.67109375 0.7335680751173709 0.0609375 0.26760563380281693
3 0.4895833333333333 0.40434272300469487 0.14166666666666666 0.35563380281690143
2 0.24244791666666665 0.8491784037558686 0.18385416666666665 0.2992957746478873
1 0.86484375 0.49002347417840375 0.04010416666666666 0.18661971830985916
1 0.8481770833333333 0.3597417840375587 0.0328125 0.15845070422535212
