1 0.6677083333333333 0.42136150234741787 0.03333333333333333 0.19248826291079812
1 0.6669270833333333 0.29577464788732394 0.04010416666666666 0.16666666666666666
1 0.8671875 0.49765258215962443 0.036458333333333336 0.19014084507042253
1 0.8513020833333333 0.3544600938967136 0.03177083333333333 0.1572769953051643
1 0.5903645833333333 0.11208920187793428 0.0234375 0.1396713615023474
1 0.5408854166666667 0.1056338028169014 0.019270833333333334 0.11502347417840376
0 0.7479166666666667 0.06455399061032864 0.017708333333333333 0.10328638497652583
0 0.89921875 0.3620892018779343 0.0234375 0.17253521126760563
0 0.9197916666666667 0.4113849765258216 0.028125 0.2007042253521127
4 0.23906249999999998 0.23415492957746478 0.18958333333333333 0.46830985915492956
