1 0.6427083333333333 0.4295774647887324 0.040625 0.1971830985915493
1 0.6317708333333333 0.7370892018779343 0.04895833333333333 0.25821596244131456
1 0.5375 0.22769953051643194 0.026041666666666668 0.1572769953051643
1 0.58671875 0.17605633802816903 0.027604166666666666 0.15023474178403756
1 0.6158854166666666 0.10328638497652583 0.022395833333333334 0.11737089201877934
1 0.5567708333333333 0.05223004694835681 0.028125 0.10446009389671362
1 0.8624999999999999 0.5023474178403756 0.0375 0.19014084507042253
1 0.85234375 0.3615023474178404 0.0390625 0.17136150234741784
0 0.9143229166666667 0.3626760563380282 0.025520833333333333 0.17605633802816903
0 0.86484375 0.2887323943661972 0.0234375 0.15258215962441316
0 0.7791666666666667 0.16666666666666666 0.02395833333333333 0.1431924882629108
0 0.79765625 0.16725352112676056 0.022395833333333334 0.13262910798122066
