1 0.6888020833333334 0.289906103286385 0.043229166666666666 0.1619718309859155
1 0.6239583333333333 0.16666666666666666 0.03333333333333333 0.15492957746478875
1 0.8684895833333334 0.5005868544600939 0.0453125 0.19131455399061034
1 0.8580729166666666 0.3573943661971831 0.04635416666666667 0.16079812206572772
1 0.734375 0.8122065727699531 0.05625 0.2699530516431925
1 0.6296875 0.7247652582159625 0.057291666666666664 0.27816901408450706
0 0.9002604166666667 0.36502347417840375 0.021354166666666667 0.18779342723004694
0 0.9184895833333333 0.4084507042253521 0.030729166666666665 0.20187793427230047
4 0.14192708333333334 0.4835680751173709 0.2838541666666667 0.7769953051643192
3 0.50703125 0.20129107981220656 0.1359375 0.36502347417840375
