1 0.7291666666666666 0.6684272300469484 0.05625 0.2734741784037559
1 0.6661458333333333 0.4460093896713615 0.0375 0.215962441314554
1 0.59296875 0.12030516431924883 0.03177083333333333 0.1443661971830986
1 0.8528645833333334 0.3573943661971831 0.03802083333333333 0.16314553990610328
1 0.8643229166666666 0.49002347417840375 0.04635416666666667 0.1936619718309859
0 0.7682291666666666 0.17429577464788734 0.025 0.12089201877934272
0 0.9151041666666666 0.40669014084507044 0.028125 0.1983568075117371
4 0.25338541666666664 0.21244131455399062 0.1671875 0.42488262910798125
2 0.14296875 0.17194835680751175 0.06927083333333334 0.09272300469483569
4 0.096875 0.6003521126760564 0.19375 0.7969483568075117
4 0.2895833333333333 0.7764084507042254 0.2739583333333333 0.44483568075117375
