1 0.540625 0.22065727699530516 0.022916666666666665 0.13615023474178403
1 0.56640625 0.17429577464788734 0.0203125 0.12323943661971831
1 0.59140625 0.24119718309859156 0.033854166666666664 0.142018779342723
1 0.5385416666666667 0.11502347417840376 0.025 0.11267605633802817
1 0.7354166666666666 0.5757042253521127 0.03958333333333333 0.21948356807511737
1 0.7828125 0.8650234741784038 0.052083333333333336 0.26760563380281693
1 0.8643229166666666 0.49882629107981225 0.0390625 0.19248826291079812
1 0.8520833333333333 0.35211267605633806 0.03333333333333333 0.1596244131455399
0 0.75078125 0.0715962441314554 0.0203125 0.107981220657277
0 0.8979166666666667 0.36326291079812206 0.030208333333333334 0.18427230046948356
0 0.91875 0.41431924882629106 0.02395833333333333 0.19953051643192488
4 0.12708333333333333 0.5029342723004695 0.25416666666666665 0.8438967136150235
