1 0.6401041666666667 0.30633802816901406 0.03333333333333333 0.1619718309859155
1 0.865625 0.5011737089201878 0.03958333333333333 0.19248826291079812
1 0.8513020833333333 0.3568075117370892 0.0359375 0.15258215962441316
1 0.65390625 0.13908450704225353 0.022395833333333334 0.1255868544600939
1 0.6114583333333333 0.04929577464788733 0.017708333333333333 0.09859154929577466
0 0.9119791666666667 0.4107981220657277 0.026041666666666668 0.1971830985915493
0 0.8174479166666666 0.2664319248826291 0.0234375 0.15492957746478875
0 0.8653645833333333 0.2881455399061033 0.0234375 0.15375586854460094
3 0.5614583333333333 0.1772300469483568 0.08958333333333333 0.23943661971830987
2 0.3828125 0.2634976525821596 0.096875 0.1960093896713615
