1 0.515625 0.19248826291079812 0.027083333333333334 0.13145539906103287
1 0.22213541666666667 0.11091549295774648 0.028645833333333332 0.11150234741784038
1 0.5393229166666667 0.23708920187793428 0.030729166666666665 0.13380281690140847
1 0.5979166666666667 0.27875586854460094 0.030208333333333334 0.13497652582159625
1 0.55234375 0.3145539906103286 0.03177083333333333 0.13145539906103287
1 0.5622395833333333 0.37265258215962443 0.03177083333333333 0.13262910798122066
1 0.6328125 0.34800469483568075 0.03229166666666666 0.15140845070422534
1 0.6002604166666666 0.40962441314553993 0.03177083333333333 0.15258215962441316
1 0.58828125 0.4724178403755869 0.03177083333333333 0.17488262910798122
1 0.6046875 0.6103286384976526 0.04375 0.22535211267605634
1 0.65625 0.4964788732394366 0.034375 0.19014084507042253
1 0.72578125 0.551056338028169 0.04635416666666667 0.21009389671361503
1 0.7182291666666667 0.31514084507042256 0.05 0.17018779342723006
1 0.8627604166666667 0.5023474178403756 0.03802083333333333 0.20422535211267606
1 0.64140625 0.8667840375586855 0.05364583333333333 0.2640845070422535
0 0.7760416666666666 0.3345070422535211 0.025 0.15492957746478875
0 0.8505208333333333 0.35035211267605637 0.01875 0.16549295774647887
0 0.8981770833333333 0.29812206572769956 0.025520833333333333 0.1596244131455399
0 0.86796875 0.31396713615023475 0.0171875 0.16079812206572772
0 0.7984375 0.19483568075117372 0.013541666666666667 0.13615023474178403
3 0.10234375 0.22124413145539906 0.1140625 0.18896713615023475
2 0.384375 0.13849765258215962 0.06354166666666666 0.11737089201877934
2 0.20520833333333333 0.05516431924882629 0.059375 0.09154929577464789
4 0.0953125 0.6414319248826291 0.190625 0.7030516431924883
3 0.36302083333333335 0.619718309859155 0.221875 0.5868544600938967
3 0.68984375 0.1443661971830986 0.1296875 0.2887323943661972
