4 0.4114583333333333 0.1443661971830986 0.109375 0.2887323943661972
4 0.23255208333333333 0.18603286384976525 0.1484375 0.36502347417840375
1 0.6169270833333333 0.22359154929577466 0.03177083333333333 0.1467136150234742
1 0.5859375 0.10856807511737089 0.022916666666666665 0.13732394366197184
1 0.63671875 0.10974178403755869 0.0203125 0.12323943661971831
1 0.6783854166666666 0.12206572769953052 0.0265625 0.11971830985915494
1 0.6348958333333333 0.6643192488262911 0.04479166666666667 0.27230046948356806
1 0.7463541666666667 0.6913145539906104 0.052083333333333336 0.2511737089201878
1 0.8619791666666666 0.5046948356807511 0.034375 0.19014084507042253
1 0.8502604166666666 0.36326291079812206 0.033854166666666664 0.16079812206572772
0 0.9135416666666667 0.3620892018779343 0.027083333333333334 0.1795774647887324
0 0.78125 0.16725352112676056 0.025 0.142018779342723
