1 0.5841145833333333 0.08157276995305164 0.022395833333333334 0.1091549295774648
1 0.5713541666666666 0.15375586854460094 0.026041666666666668 0.12910798122065728
1 0.6221354166666666 0.1267605633802817 0.021354166666666667 0.11032863849765258
1 0.6747395833333333 0.284037558685446 0.03177083333333333 0.15492957746478875
1 0.64453125 0.42136150234741787 0.03802083333333333 0.1807511737089202
1 0.6127604166666667 0.4823943661971831 0.03697916666666667 0.19953051643192488
1 0.865625 0.49413145539906106 0.036458333333333336 0.20187793427230047
1 0.7354166666666666 0.8075117370892019 0.05625 0.27230046948356806
0 0.7671875 0.19307511737089203 0.02395833333333333 0.13497652582159625
0 0.8911458333333333 0.36971830985915494 0.025 0.19014084507042253
0 0.9606770833333333 0.5774647887323944 0.034895833333333334 0.23708920187793428
0 0.7872395833333333 0.17429577464788734 0.0203125 0.1467136150234742
0 0.8184895833333333 0.25234741784037557 0.01614583333333333 0.13380281690140847
3 0.3046875 0.7406103286384976 0.3385416666666667 0.5164319248826291
4 0.19140625 0.3075117370892019 0.2265625 0.6150234741784038
2 0.03828125 0.36678403755868544 0.0765625 0.18427230046948356
