1 0.6760416666666667 0.5428403755868545 0.041666666666666664 0.20774647887323944
1 0.6171875 0.602112676056338 0.04479166666666667 0.2323943661971831
1 0.8627604166666667 0.4935446009389671 0.03802083333333333 0.1936619718309859
1 0.8372395833333334 0.38321596244131456 0.0359375 0.17253521126760563
1 0.6236979166666666 0.2992957746478873 0.03697916666666667 0.1572769953051643
1 0.5671875 0.3163145539906103 0.03229166666666666 0.17253521126760563
1 0.6575520833333334 0.19072769953051644 0.025520833333333333 0.13497652582159625
1 0.6104166666666666 0.07511737089201878 0.02395833333333333 0.11267605633802817
1 0.5609375 0.08039906103286386 0.027083333333333334 0.1255868544600939
0 0.7651041666666667 0.19953051643192488 0.02395833333333333 0.15258215962441316
0 0.7838541666666666 0.17312206572769953 0.01875 0.1443661971830986
0 0.8888020833333333 0.34917840375586856 0.022395833333333334 0.1772300469483568
0 0.8658854166666666 0.31396713615023475 0.021354166666666667 0.15140845070422534
0 0.98125 0.5880281690140845 0.03125 0.22535211267605634
0 0.82578125 0.2793427230046948 0.018229166666666668 0.14553990610328638
3 0.3653645833333333 0.6731220657276995 0.3098958333333333 0.6514084507042254
2 0.16536458333333334 0.6091549295774648 0.15364583333333334 0.3004694835680751
2 0.12421875 0.19307511737089203 0.0890625 0.1443661971830986
