1 0.5877604166666667 0.6748826291079812 0.04635416666666667 0.2183098591549296
1 0.6161458333333333 0.8080985915492958 0.052083333333333336 0.2687793427230047
1 0.72421875 0.4818075117370892 0.04114583333333333 0.1983568075117371
1 0.8385416666666666 0.38204225352112675 0.0375 0.1772300469483568
1 0.8614583333333333 0.5070422535211268 0.03229166666666666 0.20187793427230047
1 0.78984375 0.7012910798122066 0.04635416666666667 0.24061032863849766
1 0.6809895833333334 0.852112676056338 0.0484375 0.26291079812206575
0 0.9010416666666666 0.24354460093896715 0.027083333333333334 0.142018779342723
0 0.8744791666666667 0.3145539906103286 0.029166666666666667 0.1807511737089202
0 0.9096354166666667 0.45422535211267606 0.0234375 0.19248826291079812
0 0.8221354166666667 0.19014084507042253 0.0171875 0.14553990610328638
0 0.7979166666666666 0.18955399061032865 0.01875 0.13732394366197184
0 0.77890625 0.17077464788732394 0.01614583333333333 0.13497652582159625
3 0.6296875 0.25821596244131456 0.19479166666666667 0.431924882629108
4 0.21223958333333334 0.2687793427230047 0.19322916666666667 0.5375586854460094
2 0.07395833333333333 0.2634976525821596 0.0875 0.18661971830985916
2 0.08203125 0.8996478873239436 0.1640625 0.1983568075117371
