1 0.7028645833333333 0.4818075117370892 0.044270833333333336 0.21713615023474178
1 0.6197916666666666 0.04929577464788733 0.022916666666666665 0.09859154929577466
0 0.8114583333333333 0.1807511737089202 0.020833333333333332 0.13615023474178403
0 0.9114583333333334 0.4107981220657277 0.029166666666666667 0.18779342723004694
0 0.85546875 0.590962441314554 0.03177083333333333 0.2147887323943662
0 0.95703125 0.4119718309859155 0.028645833333333332 0.19953051643192488
0 0.8322916666666667 0.40199530516431925 0.022916666666666665 0.17018779342723006
0 0.8627604166666667 0.2992957746478873 0.022395833333333334 0.15023474178403756
2 0.6770833333333334 0.20715962441314553 0.1 0.17253521126760563
4 0.20234375 0.29812206572769956 0.2203125 0.5962441314553991
