1 0.5848958333333333 0.3931924882629108 0.036458333333333336 0.1807511737089202
1 0.6059895833333333 0.27875586854460094 0.030729166666666665 0.15375586854460094
1 0.6153645833333333 0.046948356807511735 0.025520833333333333 0.09389671361502347
1 0.7502604166666667 0.20363849765258216 0.030729166666666665 0.13732394366197184
1 0.8356770833333333 0.38615023474178406 0.04010416666666666 0.16901408450704225
1 0.8661458333333333 0.49765258215962443 0.034375 0.18544600938967137
1 0.70703125 0.7764084507042254 0.05260416666666667 0.2711267605633803
0 0.8052083333333333 0.16607981220657278 0.025 0.13497652582159625
0 0.91875 0.4119718309859155 0.03229166666666666 0.19014084507042253
0 0.8911458333333333 0.3785211267605634 0.028125 0.18896713615023475
4 0.35 0.4694835680751174 0.18854166666666666 0.6056338028169014
