1 0.6236979166666666 0.5035211267605634 0.03697916666666667 0.22065727699530516
1 0.6033854166666667 0.744131455399061 0.057812499999999996 0.27230046948356806
1 0.6859375 0.7934272300469484 0.059375 0.2793427230046948
1 0.7408854166666666 0.744131455399061 0.04739583333333333 0.2699530516431925
1 0.72109375 0.5539906103286385 0.0359375 0.22535211267605634
1 0.8622395833333333 0.5035211267605634 0.033854166666666664 0.20187793427230047
1 0.85234375 0.3568075117370892 0.033854166666666664 0.15492957746478875
1 0.6098958333333333 0.16901408450704225 0.025 0.12910798122065728
1 0.5848958333333333 0.07042253521126761 0.016666666666666666 0.1056338028169014
1 0.63125 0.07453051643192489 0.019791666666666666 0.1068075117370892
1 0.6752604166666667 0.08274647887323944 0.024479166666666666 0.12323943661971831
4 0.25885416666666666 0.1467136150234742 0.12604166666666666 0.2934272300469484
4 0.4197916666666667 0.11208920187793428 0.10625 0.22417840375586856
0 0.9158854166666667 0.3615023474178404 0.0265625 0.16666666666666666
0 0.778125 0.1625586854460094 0.027083333333333334 0.15140845070422534
2 0.057812499999999996 0.3227699530516432 0.11562499999999999 0.1971830985915493
