4 0.34609375 0.6666666666666666 0.22447916666666667 0.6643192488262911
1 0.6947916666666667 0.6343896713615024 0.052083333333333336 0.2476525821596244
1 0.71484375 0.4154929577464789 0.03177083333333333 0.17136150234741784
1 0.6583333333333333 0.34330985915492956 0.028125 0.1795774647887324
1 0.6166666666666667 0.3485915492957747 0.025 0.1619718309859155
1 0.5317708333333333 0.20187793427230047 0.021875 0.13145539906103287
1 0.54765625 0.1572769953051643 0.022395833333333334 0.1267605633802817
1 0.6494791666666666 0.19072769953051644 0.034375 0.1396713615023474
1 0.8624999999999999 0.5076291079812206 0.0375 0.1960093896713615
1 0.8494791666666667 0.3585680751173709 0.03229166666666666 0.15140845070422534
0 0.91171875 0.3615023474178404 0.027604166666666666 0.18309859154929578
0 0.7786458333333334 0.16490610328638497 0.02395833333333333 0.13732394366197184
0 0.8 0.17429577464788734 0.020833333333333332 0.1396713615023474
