1 0.625 0.19190140845070422 0.028125 0.14906103286384978
1 0.7893229166666667 0.27582159624413144 0.04010416666666666 0.15492957746478875
1 0.8669270833333333 0.4970657276995305 0.043229166666666666 0.1983568075117371
1 0.8315104166666667 0.38673708920187794 0.0515625 0.20774647887323944
1 0.64765625 0.6596244131455399 0.0546875 0.2535211267605634
0 0.80703125 0.1766431924882629 0.0203125 0.13732394366197184
0 0.8575520833333333 0.22946009389671362 0.019270833333333334 0.1255868544600939
0 0.8674479166666667 0.301056338028169 0.024479166666666666 0.15375586854460094
0 0.8901041666666667 0.36971830985915494 0.022916666666666665 0.1643192488262911
0 0.9177083333333333 0.409037558685446 0.030208333333333334 0.18427230046948356
