1 0.8653645833333333 0.4982394366197183 0.03177083333333333 0.1960093896713615
1 0.7682291666666666 0.48826291079812206 0.041666666666666664 0.1971830985915493
1 0.7125 0.4025821596244131 0.030208333333333334 0.18544600938967137
1 0.61796875 0.3779342723004695 0.0390625 0.17605633802816903
1 0.5440104166666666 0.27582159624413144 0.030729166666666665 0.1619718309859155
1 0.5145833333333333 0.20715962441314553 0.025 0.13732394366197184
1 0.590625 0.2734741784037559 0.035416666666666666 0.14788732394366197
1 0.6239583333333333 0.12030516431924883 0.025 0.13028169014084506
1 0.5986979166666666 0.04753521126760563 0.0234375 0.09507042253521127
0 0.7700520833333333 0.13204225352112675 0.022395833333333334 0.12089201877934272
0 0.8125 0.22124413145539906 0.02395833333333333 0.13497652582159625
0 0.8674479166666667 0.3075117370892019 0.0234375 0.1431924882629108
0 0.8947916666666667 0.3744131455399061 0.021875 0.15492957746478875
0 0.9395833333333333 0.4336854460093897 0.035416666666666666 0.2007042253521127
0 0.8781249999999999 0.7365023474178404 0.046875 0.2664319248826291
4 0.33567708333333335 0.17194835680751175 0.12135416666666667 0.3438967136150235
2 0.14895833333333333 0.24061032863849766 0.11041666666666666 0.19483568075117372
2 0.6484375 0.5815727699530516 0.18854166666666666 0.29694835680751175
3 0.6908854166666667 0.13321596244131456 0.11197916666666667 0.2664319248826291
3 0.5354166666666667 0.09976525821596244 0.11041666666666666 0.19953051643192488
