1 0.865625 0.4847417840375587 0.036458333333333336 0.18309859154929578
1 0.825 0.8673708920187794 0.059375 0.26291079812206575
1 0.6411458333333333 0.15140845070422534 0.028125 0.14084507042253522
1 0.5526041666666667 0.12441314553990611 0.03125 0.13145539906103287
0 0.9104166666666667 0.40492957746478875 0.021875 0.20422535211267606
0 0.8802083333333334 0.6561032863849765 0.034375 0.2112676056338028
0 0.9864583333333333 0.43779342723004694 0.026041666666666668 0.19014084507042253
0 0.8664062499999999 0.2904929577464789 0.018229166666666668 0.1443661971830986
0 0.809375 0.17018779342723006 0.02395833333333333 0.13145539906103287
0 0.8372395833333334 0.40434272300469487 0.030729166666666665 0.16784037558685447
2 0.59140625 0.357981220657277 0.12552083333333333 0.22065727699530516
2 0.19401041666666666 0.09976525821596244 0.06822916666666666 0.11737089201877934
4 0.0921875 0.6467136150234742 0.184375 0.7042253521126761
