1 0.8627604166666667 0.5005868544600939 0.04010416666666666 0.2147887323943662
1 0.7802083333333333 0.5669014084507042 0.041666666666666664 0.19483568075117372
1 0.6635416666666667 0.4982394366197183 0.0375 0.21009389671361503
1 0.6080729166666666 0.5933098591549296 0.0421875 0.2147887323943662
1 0.6205729166666667 0.33861502347417843 0.028645833333333332 0.16079812206572772
1 0.5565104166666667 0.2623239436619718 0.027604166666666666 0.1467136150234742
1 0.6078125 0.23884976525821597 0.0375 0.15140845070422534
1 0.6119791666666666 0.05046948356807512 0.022916666666666665 0.10093896713615023
1 0.590625 0.1056338028169014 0.022916666666666665 0.11267605633802817
1 0.56796875 0.107981220657277 0.021354166666666667 0.107981220657277
1 0.5361979166666666 0.15258215962441316 0.022395833333333334 0.11267605633802817
0 0.9479166666666666 0.511737089201878 0.028125 0.20422535211267606
0 0.8624999999999999 0.3075117370892019 0.022916666666666665 0.15492957746478875
0 0.8130208333333333 0.29284037558685444 0.027083333333333334 0.16079812206572772
0 0.7651041666666667 0.1971830985915493 0.019791666666666666 0.13145539906103287
0 0.7807291666666667 0.18251173708920188 0.016666666666666666 0.13028169014084506
0 0.8989583333333333 0.25 0.026041666666666668 0.14788732394366197
2 0.45078124999999997 0.8251173708920188 0.19322916666666667 0.3333333333333333
3 0.4575520833333333 0.29518779342723006 0.1421875 0.3744131455399061
3 0.6911458333333333 0.13849765258215962 0.11666666666666667 0.27699530516431925
4 0.12942708333333333 0.40316901408450706 0.25885416666666666 0.7946009389671361
