1 0.5919270833333333 0.5463615023474179 0.0421875 0.21948356807511737
1 0.6526041666666667 0.6097417840375587 0.040625 0.2359154929577465
1 0.6989583333333333 0.5786384976525821 0.04479166666666667 0.23004694835680753
1 0.69765625 0.4284037558685446 0.04010416666666666 0.15492957746478875
1 0.6153645833333333 0.37265258215962443 0.0359375 0.18427230046948356
1 0.6046875 0.11384976525821597 0.025 0.11737089201877934
1 0.6255208333333333 0.04753521126760563 0.021875 0.09507042253521127
1 0.5822916666666667 0.04988262910798122 0.021875 0.09976525821596244
1 0.6705729166666666 0.05223004694835681 0.024479166666666666 0.10446009389671362
1 0.8627604166666667 0.5093896713615024 0.0421875 0.19953051643192488
1 0.85 0.3550469483568075 0.034375 0.16549295774647887
2 0.11979166666666667 0.2112676056338028 0.09166666666666666 0.14553990610328638
2 0.0421875 0.3884976525821596 0.084375 0.2323943661971831
4 0.28098958333333335 0.11267605633802817 0.1109375 0.22535211267605634
0 0.77890625 0.16607981220657278 0.019270833333333334 0.13497652582159625
0 0.9145833333333333 0.3609154929577465 0.03333333333333333 0.17253521126760563
