1 0.75234375 0.630868544600939 0.0453125 0.23826291079812206
1 0.62890625 0.08744131455399061 0.021354166666666667 0.12323943661971831
1 0.54609375 0.051643192488262914 0.022395833333333334 0.10328638497652583
0 0.8697916666666666 0.6167840375586855 0.034375 0.21244131455399062
0 0.9083333333333333 0.40434272300469487 0.027083333333333334 0.1936619718309859
0 0.97265625 0.4254694835680751 0.0265625 0.1983568075117371
0 0.8309895833333333 0.40316901408450706 0.0234375 0.18427230046948356
0 0.86328125 0.2875586854460094 0.027604166666666666 0.13849765258215962
0 0.80859375 0.16725352112676056 0.018229166666666668 0.13497652582159625
4 0.12786458333333334 0.5035211267605634 0.2557291666666667 0.7793427230046949
2 0.63671875 0.2775821596244131 0.1203125 0.1936619718309859
