1 0.759375 0.6396713615023474 0.05 0.24882629107981222
1 0.6190104166666667 0.43603286384976525 0.044270833333333336 0.2007042253521127
1 0.6609375 0.3145539906103286 0.03229166666666666 0.17136150234741784
1 0.6140625 0.2535211267605634 0.029166666666666667 0.15492957746478875
1 0.55390625 0.21889671361502347 0.03697916666666667 0.15610328638497653
1 0.534375 0.058098591549295774 0.028125 0.11619718309859155
1 0.8640625 0.49237089201877937 0.041666666666666664 0.21009389671361503
0 0.8263020833333333 0.3996478873239437 0.021354166666666667 0.17488262910798122
0 0.8122395833333333 0.28931924882629106 0.0171875 0.13732394366197184
0 0.9692708333333333 0.6431924882629109 0.03229166666666666 0.24647887323943662
0 0.7940104166666666 0.20187793427230047 0.022395833333333334 0.13145539906103287
0 0.8934895833333333 0.38204225352112675 0.0203125 0.1772300469483568
2 0.7028645833333333 0.04929577464788733 0.06822916666666666 0.09859154929577466
2 0.22369791666666666 0.0534037558685446 0.0765625 0.1068075117370892
4 0.09505208333333333 0.6173708920187794 0.19010416666666666 0.7629107981220657
