1 0.8638020833333333 0.49119718309859156 0.0296875 0.20774647887323944
1 0.8020833333333334 0.5774647887323944 0.041666666666666664 0.2183098591549296
1 0.7559895833333333 0.47417840375586856 0.03697916666666667 0.19953051643192488
1 0.6372395833333333 0.3773474178403756 0.033854166666666664 0.16549295774647887
1 0.6028645833333334 0.3174882629107981 0.0359375 0.16784037558685447
1 0.5596354166666666 0.3116197183098592 0.0328125 0.15140845070422534
1 0.5263020833333333 0.24178403755868544 0.028645833333333332 0.13849765258215962
1 0.6096354166666667 0.20715962441314553 0.025520833333333333 0.1068075117370892
1 0.6072916666666667 0.08215962441314555 0.019791666666666666 0.09859154929577466
0 0.9486979166666667 0.45833333333333337 0.0265625 0.1936619718309859
0 0.9010416666666666 0.397887323943662 0.027083333333333334 0.1643192488262911
0 0.8658854166666666 0.31690140845070425 0.0265625 0.17605633802816903
0 0.8117187499999999 0.232981220657277 0.0203125 0.1467136150234742
0 0.7588541666666666 0.11384976525821597 0.016666666666666666 0.1267605633802817
0 0.7854166666666667 0.11913145539906103 0.015625 0.11384976525821597
0 0.7731770833333333 0.09624413145539906 0.01614583333333333 0.1267605633802817
2 0.18463541666666666 0.09272300469483569 0.059895833333333336 0.10093896713615023
2 0.06276041666666667 0.3902582159624413 0.12552083333333333 0.24061032863849766
2 0.6200520833333333 0.6068075117370892 0.19739583333333333 0.29577464788732394
3 0.69296875 0.1396713615023474 0.11302083333333333 0.2793427230046948
3 0.525 0.12147887323943662 0.10416666666666667 0.24295774647887325
4 0.3203125 0.22711267605633803 0.14375 0.4471830985915493
