1 0.60703125 0.12089201877934272 0.027604166666666666 0.13145539906103287
1 0.55390625 0.2323943661971831 0.03697916666666667 0.15023474178403756
1 0.5778645833333333 0.5528169014084507 0.0421875 0.23708920187793428
1 0.640625 0.5246478873239436 0.04895833333333333 0.23004694835680753
1 0.7325520833333333 0.6073943661971831 0.04010416666666666 0.2147887323943662
1 0.8664062499999999 0.49882629107981225 0.03802083333333333 0.20187793427230047
0 0.8111979166666666 0.17136150234741784 0.0171875 0.12441314553990611
0 0.8239583333333333 0.3949530516431925 0.01875 0.1772300469483568
0 0.8924479166666667 0.375 0.018229166666666668 0.1960093896713615
0 0.9411458333333333 0.36913145539906106 0.027083333333333334 0.17253521126760563
0 0.9856770833333334 0.7018779342723005 0.027604166666666666 0.27230046948356806
2 0.09583333333333333 0.272887323943662 0.1125 0.1960093896713615
