1 0.5393229166666667 0.09154929577464789 0.021354166666666667 0.12206572769953052
1 0.5854166666666667 0.11032863849765258 0.02395833333333333 0.10328638497652583
1 0.5213541666666667 0.20187793427230047 0.028125 0.12206572769953052
1 0.5364583333333334 0.272887323943662 0.02395833333333333 0.1396713615023474
1 0.6463541666666667 0.2652582159624413 0.034375 0.14553990610328638
1 0.5934895833333333 0.24471830985915494 0.025520833333333333 0.13497652582159625
1 0.5666666666666667 0.34976525821596244 0.03229166666666666 0.15023474178403756
1 0.61328125 0.35387323943661975 0.0296875 0.14906103286384978
1 0.5942708333333333 0.4301643192488263 0.034375 0.16314553990610328
1 0.6723958333333333 0.41607981220657275 0.03854166666666667 0.19131455399061034
1 0.6276041666666666 0.5316901408450704 0.041666666666666664 0.19953051643192488
1 0.6536458333333334 0.6273474178403756 0.041666666666666664 0.21713615023474178
1 0.8627604166666667 0.4906103286384977 0.033854166666666664 0.19248826291079812
1 0.75703125 0.892018779342723 0.0546875 0.2136150234741784
0 0.7752604166666667 0.27523474178403756 0.0234375 0.15140845070422534
0 0.82421875 0.3380281690140845 0.0265625 0.17136150234741784
0 0.8638020833333333 0.3116197183098592 0.022395833333333334 0.15610328638497653
0 0.9747395833333333 0.5639671361502347 0.033854166666666664 0.2147887323943662
0 0.78671875 0.13028169014084506 0.018229166666666668 0.13380281690140847
3 0.4119791666666667 0.4677230046948357 0.18229166666666666 0.47300469483568075
3 0.6864583333333333 0.13321596244131456 0.121875 0.2664319248826291
4 0.2125 0.2887323943661972 0.17604166666666665 0.45774647887323944
