1 0.5265625 0.13262910798122066 0.025 0.11971830985915494
1 0.2640625 0.03990610328638498 0.028125 0.07981220657276995
1 0.565625 0.16490610328638497 0.026041666666666668 0.13028169014084506
1 0.5307291666666667 0.25528169014084506 0.028125 0.13732394366197184
1 0.54453125 0.3251173708920188 0.03177083333333333 0.15258215962441316
1 0.5838541666666667 0.22652582159624413 0.022916666666666665 0.12206572769953052
1 0.6104166666666666 0.29636150234741787 0.028125 0.1443661971830986
1 0.6307291666666667 0.4125586854460094 0.03125 0.17488262910798122
1 0.5768229166666666 0.40199530516431925 0.03697916666666667 0.17018779342723006
1 0.6002604166666666 0.49471830985915494 0.044270833333333336 0.2007042253521127
1 0.6255208333333333 0.6402582159624414 0.046875 0.21244131455399062
1 0.6723958333333333 0.7875586854460094 0.05 0.255868544600939
1 0.6979166666666666 0.4706572769953052 0.03854166666666667 0.22065727699530516
1 0.6708333333333333 0.2834507042253521 0.046875 0.15375586854460094
1 0.8624999999999999 0.49471830985915494 0.0375 0.1936619718309859
0 0.83046875 0.3515258215962441 0.025520833333333333 0.17253521126760563
0 0.7809895833333333 0.29636150234741787 0.027604166666666666 0.1443661971830986
0 0.9783854166666667 0.5768779342723005 0.034895833333333334 0.21244131455399062
0 0.8630208333333333 0.31396713615023475 0.016666666666666666 0.16079812206572772
0 0.9028645833333333 0.29401408450704225 0.027604166666666666 0.16314553990610328
0 0.7971354166666667 0.19190140845070422 0.013020833333333334 0.12089201877934272
3 0.39401041666666664 0.5258215962441315 0.19635416666666666 0.511737089201878
3 0.6911458333333333 0.13849765258215962 0.1125 0.27699530516431925
4 0.15130208333333334 0.43896713615023475 0.21510416666666665 0.5915492957746479
2 0.41041666666666665 0.06044600938967136 0.06458333333333333 0.11384976525821597
3 0.1609375 0.10446009389671362 0.09375 0.13380281690140847
