2 0.30807291666666664 0.6842723004694836 0.2328125 0.6291079812206573
4 0.10703125 0.602699530516432 0.2140625 0.7922535211267606
2 0.15416666666666667 0.1449530516431925 0.0875 0.15140845070422534
2 0.21223958333333334 0.056924882629107984 0.06510416666666667 0.11384976525821597
1 0.6020833333333333 0.49882629107981225 0.042708333333333334 0.22300469483568075
1 0.7778645833333333 0.8838028169014085 0.058854166666666666 0.23004694835680753
1 0.8627604166666667 0.5035211267605634 0.03802083333333333 0.18544600938967137
1 0.6419270833333334 0.33039906103286387 0.030729166666666665 0.17018779342723006
1 0.6059895833333333 0.3474178403755869 0.0296875 0.14553990610328638
1 0.5651041666666666 0.29107981220657275 0.03229166666666666 0.1643192488262911
1 0.6 0.18896713615023475 0.029166666666666667 0.14553990610328638
1 0.6596354166666667 0.2664319248826291 0.030729166666666665 0.1596244131455399
1 0.85234375 0.36032863849765256 0.033854166666666664 0.15492957746478875
