1 0.60625 0.08450704225352113 0.019791666666666666 0.107981220657277
1 0.54140625 0.09154929577464789 0.022395833333333334 0.09859154929577466
1 0.5403645833333334 0.21889671361502347 0.028645833333333332 0.13262910798122066
1 0.5653645833333333 0.159037558685446 0.021354166666666667 0.11619718309859155
1 0.6041666666666666 0.1960093896713615 0.02395833333333333 0.12441314553990611
1 0.5674479166666666 0.28286384976525825 0.033854166666666664 0.14084507042253522
1 0.6270833333333333 0.2775821596244131 0.025 0.13028169014084506
1 0.60390625 0.33861502347417843 0.033854166666666664 0.15375586854460094
1 0.6338541666666666 0.42018779342723006 0.034375 0.18779342723004694
1 0.6848958333333334 0.5199530516431925 0.04479166666666667 0.17605633802816903
1 0.7026041666666667 0.6384976525821596 0.052083333333333336 0.22300469483568075
1 0.6268229166666667 0.7288732394366197 0.049479166666666664 0.25821596244131456
1 0.8283854166666667 0.7382629107981221 0.058854166666666666 0.24647887323943662
1 0.8635416666666667 0.4953051643192488 0.036458333333333336 0.20422535211267606
0 0.7901041666666666 0.18544600938967137 0.016666666666666666 0.13380281690140847
0 0.75859375 0.2153755868544601 0.0203125 0.1396713615023474
0 0.82109375 0.3104460093896714 0.027604166666666666 0.1795774647887324
0 0.9533854166666667 0.5146713615023474 0.030729166666666665 0.21009389671361503
0 0.86171875 0.3233568075117371 0.024479166666666666 0.17488262910798122
0 0.90234375 0.255868544600939 0.0234375 0.17605633802816903
3 0.44453125 0.3562206572769953 0.15572916666666667 0.40492957746478875
3 0.696875 0.13615023474178403 0.11666666666666667 0.27230046948356806
2 0.41953124999999997 0.869131455399061 0.19739583333333333 0.25938967136150237
4 0.103125 0.5651408450704225 0.20625 0.8673708920187794
4 0.28932291666666665 0.1238262910798122 0.1140625 0.2476525821596244
