1 0.57734375 0.6584507042253521 0.050520833333333334 0.24178403755868544
1 0.6674479166666667 0.681924882629108 0.04635416666666667 0.24178403755868544
1 0.6763020833333333 0.863849765258216 0.06197916666666667 0.2347417840375587
1 0.8638020833333333 0.49178403755868544 0.03802083333333333 0.1807511737089202
1 0.6338541666666666 0.3004694835680751 0.034375 0.17605633802816903
1 0.5966145833333333 0.2335680751173709 0.028645833333333332 0.14084507042253522
1 0.5583333333333333 0.20363849765258216 0.021875 0.13497652582159625
1 0.4731770833333333 0.1807511737089202 0.0296875 0.12910798122065728
1 0.4953125 0.10211267605633803 0.01875 0.11971830985915494
1 0.5255208333333333 0.13380281690140847 0.022916666666666665 0.10328638497652583
1 0.5822916666666667 0.11854460093896714 0.02395833333333333 0.11267605633802817
0 0.8059895833333334 0.4284037558685446 0.034895833333333334 0.215962441314554
0 0.9091145833333333 0.38321596244131456 0.024479166666666666 0.17253521126760563
0 0.88515625 0.33861502347417843 0.0234375 0.15375586854460094
0 0.8645833333333334 0.31279342723004694 0.021875 0.15845070422535212
0 0.7526041666666666 0.1766431924882629 0.021875 0.1443661971830986
0 0.7796875 0.13321596244131456 0.017708333333333333 0.13028169014084506
0 0.8106770833333333 0.1960093896713615 0.022395833333333334 0.12441314553990611
4 0.11067708333333333 0.5070422535211268 0.2109375 0.5469483568075117
2 0.7059895833333333 0.5035211267605634 0.16302083333333334 0.24882629107981222
3 0.68984375 0.13497652582159625 0.11822916666666666 0.2699530516431925
