1 0.6481770833333333 0.29107981220657275 0.0296875 0.1596244131455399
1 0.6296875 0.42194835680751175 0.042708333333333334 0.1936619718309859
1 0.8658854166666666 0.4953051643192488 0.033854166666666664 0.18544600938967137
1 0.58203125 0.17546948356807512 0.0265625 0.13497652582159625
1 0.5395833333333333 0.1467136150234742 0.022916666666666665 0.13145539906103287
1 0.5986979166666666 0.09448356807511737 0.028645833333333332 0.1091549295774648
1 0.5192708333333333 0.05985915492957747 0.019791666666666666 0.10328638497652583
0 0.7911458333333333 0.3996478873239437 0.027083333333333334 0.16549295774647887
0 0.8265625 0.3937793427230047 0.025 0.18661971830985916
0 0.9703125 0.4859154929577465 0.03125 0.23004694835680753
0 0.9054687499999999 0.3949530516431925 0.024479166666666666 0.21009389671361503
0 0.8763020833333334 0.33509389671361506 0.025520833333333333 0.16784037558685447
0 0.8130208333333333 0.17136150234741784 0.020833333333333332 0.12910798122065728
4 0.29322916666666665 0.2664319248826291 0.17395833333333333 0.5046948356807511
2 0.051041666666666666 0.38204225352112675 0.10208333333333333 0.21948356807511737
