1 0.62578125 0.04107981220657277 0.021354166666666667 0.08215962441314555
1 0.56796875 0.04342723004694836 0.022395833333333334 0.08685446009389672
1 0.5484375 0.23826291079812206 0.03125 0.1572769953051643
1 0.6395833333333333 0.4131455399061033 0.03854166666666667 0.1971830985915493
1 0.6221354166666666 0.6731220657276995 0.049479166666666664 0.24530516431924884
1 0.7815104166666667 0.8133802816901409 0.05260416666666667 0.27230046948356806
1 0.86328125 0.5 0.0359375 0.19483568075117372
1 0.8505208333333333 0.357981220657277 0.0375 0.16666666666666666
0 0.8065104166666667 0.1625586854460094 0.021354166666666667 0.13262910798122066
0 0.9171874999999999 0.41431924882629106 0.025 0.1807511737089202
3 0.3809895833333333 0.090962441314554 0.0859375 0.181924882629108
0 0.9002604166666667 0.24354460093896715 0.021354166666666667 0.13732394366197184
