1 0.5604166666666667 0.26173708920187794 0.03229166666666666 0.1619718309859155
1 0.6638020833333333 0.24589201877934272 0.03697916666666667 0.15140845070422534
1 0.8658854166666666 0.4935446009389671 0.03802083333333333 0.20774647887323944
0 0.8106770833333333 0.17370892018779344 0.0203125 0.13145539906103287
0 0.8666666666666667 0.2992957746478873 0.02395833333333333 0.16666666666666666
0 0.91953125 0.4072769953051643 0.0328125 0.19014084507042253
0 0.8984375 0.70481220657277 0.034375 0.24530516431924884
4 0.35546875 0.06807511737089202 0.0703125 0.13615023474178403
4 0.19947916666666665 0.06338028169014084 0.08020833333333333 0.1267605633802817
2 0.12994791666666666 0.21889671361502347 0.09010416666666667 0.1396713615023474
2 0.52578125 0.4677230046948357 0.13697916666666665 0.24061032863849766
