1 0.7645833333333333 0.5469483568075117 0.041666666666666664 0.22535211267605634
1 0.8130208333333333 0.8192488262910799 0.051041666666666666 0.25821596244131456
1 0.8619791666666666 0.5023474178403756 0.03333333333333333 0.2112676056338028
1 0.8361979166666667 0.3873239436619718 0.0328125 0.17136150234741784
1 0.59609375 0.0892018779342723 0.022395833333333334 0.107981220657277
1 0.5497395833333333 0.06748826291079812 0.021354166666666667 0.11854460093896714
0 0.8158854166666667 0.24413145539906103 0.021354166666666667 0.15258215962441316
0 0.9502604166666666 0.54518779342723 0.033854166666666664 0.20774647887323944
0 0.8742187499999999 0.3204225352112676 0.0234375 0.1643192488262911
3 0.4901041666666667 0.45305164319248825 0.2625 0.5751173708920188
2 0.34010416666666665 0.18661971830985916 0.08854166666666667 0.17136150234741784
2 0.11848958333333333 0.20187793427230047 0.0921875 0.16666666666666666
