1 0.865625 0.5005868544600939 0.035416666666666666 0.1983568075117371
1 0.6627604166666666 0.7001173708920188 0.04739583333333333 0.24530516431924884
1 0.62734375 0.5199530516431925 0.033854166666666664 0.20657276995305165
1 0.5963541666666666 0.36619718309859156 0.03229166666666666 0.17370892018779344
1 0.5419270833333333 0.3245305164319249 0.034895833333333334 0.17253521126760563
1 0.4981770833333333 0.36326291079812206 0.03802083333333333 0.18427230046948356
1 0.5973958333333333 0.14788732394366197 0.02395833333333333 0.1267605633802817
1 0.5817708333333333 0.11267605633802817 0.01875 0.11737089201877934
1 0.5348958333333333 0.10328638497652583 0.019791666666666666 0.11737089201877934
0 0.7776041666666667 0.2640845070422535 0.028125 0.16901408450704225
0 0.7981770833333334 0.16607981220657278 0.022395833333333334 0.13497652582159625
0 0.8169270833333333 0.17605633802816903 0.01614583333333333 0.13380281690140847
0 0.890625 0.34800469483568075 0.026041666666666668 0.16079812206572772
0 0.8638020833333333 0.3116197183098592 0.0203125 0.15610328638497653
4 0.26276041666666666 0.5487089201877935 0.2921875 0.9002347417840376
2 0.73203125 0.4154929577464789 0.12135416666666667 0.22535211267605634
3 0.6901041666666666 0.13086854460093897 0.12604166666666666 0.26173708920187794
