1 0.6098958333333333 0.7118544600938967 0.042708333333333334 0.22887323943661972
1 0.5591145833333333 0.47300469483568075 0.0359375 0.20657276995305165
1 0.52265625 0.40669014084507044 0.0359375 0.19131455399061034
1 0.054947916666666666 0.5129107981220657 0.043229166666666666 0.20422535211267606
1 0.6619791666666667 0.3943661971830986 0.034375 0.1572769953051643
1 0.7091145833333333 0.505868544600939 0.04010416666666666 0.19014084507042253
1 0.7247395833333333 0.8327464788732395 0.05572916666666666 0.2640845070422535
1 0.8125 0.8597417840375587 0.06145833333333333 0.27816901408450706
1 0.8651041666666667 0.5029342723004695 0.03229166666666666 0.18661971830985916
1 0.6307291666666667 0.6244131455399061 0.04375 0.2136150234741784
0 0.7971354166666667 0.19014084507042253 0.011979166666666666 0.1267605633802817
0 0.7763020833333333 0.17546948356807512 0.018229166666666668 0.13732394366197184
0 0.90234375 0.3773474178403756 0.0265625 0.1936619718309859
0 0.8736979166666666 0.3251173708920188 0.011979166666666666 0.17136150234741784
0 0.9 0.2482394366197183 0.021875 0.13497652582159625
0 0.7885416666666667 0.3996478873239437 0.03229166666666666 0.17488262910798122
3 0.6635416666666667 0.18016431924882628 0.15833333333333333 0.36032863849765256
2 0.27239583333333334 0.40375586854460094 0.1125 0.19483568075117372
2 0.09713541666666667 0.2699530516431925 0.10260416666666666 0.1619718309859155
4 0.2869791666666667 0.1255868544600939 0.13229166666666667 0.2511737089201878
3 0.27630208333333334 0.8139671361502347 0.3171875 0.36971830985915494
