1 0.76015625 0.44014084507042256 0.03697916666666667 0.18544600938967137
1 0.7908854166666667 0.698943661971831 0.0515625 0.25704225352112675
1 0.8635416666666667 0.5052816901408451 0.036458333333333336 0.20539906103286384
1 0.8393229166666667 0.39084507042253525 0.03697916666666667 0.19483568075117372
1 0.5859375 0.045774647887323945 0.022916666666666665 0.09154929577464789
0 0.8171875 0.23767605633802819 0.022916666666666665 0.1396713615023474
0 0.78515625 0.18661971830985916 0.0171875 0.12910798122065728
0 0.8716145833333333 0.3268779342723005 0.0234375 0.16784037558685447
0 0.9458333333333333 0.5176056338028169 0.028125 0.19248826291079812
0 0.9005208333333333 0.24530516431924884 0.021875 0.14788732394366197
2 0.16901041666666666 0.11561032863849766 0.06927083333333334 0.13262910798122066
2 0.3692708333333333 0.1091549295774648 0.08229166666666667 0.13615023474178403
3 0.52734375 0.3984741784037559 0.2671875 0.5269953051643192
4 0.08385416666666666 0.6208920187793427 0.16770833333333332 0.755868544600939
