1 0.6682291666666667 0.3456572769953052 0.0375 0.18427230046948356
1 0.67578125 0.7910798122065728 0.050520833333333334 0.29812206572769956
1 0.8651041666666667 0.49471830985915494 0.035416666666666666 0.21009389671361503
0 0.8403645833333333 0.5440140845070423 0.030729166666666665 0.20305164319248828
0 0.9104166666666667 0.40786384976525825 0.026041666666666668 0.18661971830985916
0 0.9364583333333333 0.3914319248826291 0.029166666666666667 0.18427230046948356
0 0.82265625 0.38967136150234744 0.024479166666666666 0.1807511737089202
0 0.8619791666666666 0.2946009389671362 0.01875 0.15258215962441316
0 0.8111979166666666 0.17136150234741784 0.0171875 0.12441314553990611
4 0.27317708333333335 0.17781690140845072 0.1578125 0.35563380281690143
4 0.05703125 0.31103286384976525 0.1140625 0.3779342723004695
2 0.70703125 0.15551643192488263 0.07552083333333333 0.1467136150234742
