1 0.6197916666666666 0.41725352112676056 0.041666666666666664 0.19131455399061034
1 0.6078125 0.5809859154929577 0.042708333333333334 0.22535211267605634
1 0.86328125 0.4970657276995305 0.03697916666666667 0.1983568075117371
1 0.8333333333333334 0.38380281690140844 0.04791666666666666 0.19248826291079812
1 0.7677083333333333 0.24178403755868544 0.030208333333333334 0.15023474178403756
1 0.6174479166666667 0.10152582159624414 0.0265625 0.13028169014084506
0 0.9184895833333333 0.4084507042253521 0.030729166666666665 0.17605633802816903
0 0.8898437499999999 0.3685446009389671 0.022395833333333334 0.17605633802816903
0 0.865625 0.29107981220657275 0.021875 0.15023474178403756
0 0.8078124999999999 0.16490610328638497 0.021875 0.12323943661971831
4 0.2794270833333333 0.6983568075117371 0.2994791666666667 0.6009389671361502
