1 0.6018229166666667 0.4113849765258216 0.0265625 0.17018779342723006
1 0.5828125 0.32159624413145543 0.029166666666666667 0.1807511737089202
1 0.6161458333333333 0.27992957746478875 0.028125 0.15140845070422534
1 0.8645833333333334 0.4982394366197183 0.034375 0.1960093896713615
1 0.8348958333333333 0.380868544600939 0.03958333333333333 0.17488262910798122
1 0.5942708333333333 0.11208920187793428 0.028125 0.11854460093896714
1 0.6901041666666666 0.046948356807511735 0.029166666666666667 0.09389671361502347
0 0.9229166666666666 0.4125586854460094 0.03229166666666666 0.20539906103286384
0 0.8817708333333333 0.3814553990610329 0.028125 0.1784037558685446
0 0.8684895833333334 0.2869718309859155 0.021354166666666667 0.13732394366197184
0 0.8078124999999999 0.17370892018779344 0.026041666666666668 0.14084507042253522
4 0.21875 0.2535211267605634 0.18854166666666666 0.5070422535211268
