1 0.6296875 0.2946009389671362 0.03333333333333333 0.17136150234741784
1 0.8645833333333334 0.5011737089201878 0.0375 0.18779342723004694
1 0.84765625 0.3585680751173709 0.03177083333333333 0.15845070422535212
1 0.7833333333333333 0.8785211267605634 0.06875 0.24061032863849766
1 0.65390625 0.8785211267605634 0.0546875 0.24061032863849766
1 0.6736979166666667 0.17781690140845072 0.0265625 0.13262910798122066
1 0.6369791666666667 0.15434272300469484 0.025 0.11619718309859155
1 0.5859375 0.15610328638497653 0.026041666666666668 0.12910798122065728
1 0.6291666666666667 0.051643192488262914 0.026041666666666668 0.10328638497652583
0 0.7783854166666666 0.15610328638497653 0.021354166666666667 0.13145539906103287
0 0.9125 0.36678403755868544 0.03333333333333333 0.16784037558685447
0 0.865625 0.28931924882629106 0.021875 0.1467136150234742
4 0.4075520833333333 0.2177230046948357 0.13802083333333334 0.38380281690140844
4 0.20130208333333333 0.2658450704225352 0.17447916666666666 0.4424882629107981
