1 0.725 0.6977699530516432 0.04479166666666667 0.24061032863849766
1 0.58046875 0.45305164319248825 0.0328125 0.17605633802816903
1 0.5325520833333334 0.3374413145539906 0.034895833333333334 0.17253521126760563
1 0.6739583333333333 0.3890845070422535 0.041666666666666664 0.1795774647887324
1 0.5958333333333333 0.3562206572769953 0.030208333333333334 0.16079812206572772
1 0.6296875 0.3034037558685446 0.0375 0.16314553990610328
1 0.5731770833333333 0.215962441314554 0.027604166666666666 0.1431924882629108
1 0.8619791666666666 0.5035211267605634 0.03333333333333333 0.18544600938967137
1 0.8513020833333333 0.36795774647887325 0.034895833333333334 0.142018779342723
1 0.5791666666666666 0.04284037558685446 0.028125 0.08568075117370892
0 0.94375 0.42018779342723006 0.036458333333333336 0.18779342723004694
0 0.9145833333333333 0.3626760563380282 0.029166666666666667 0.17605633802816903
0 0.77890625 0.1643192488262911 0.0203125 0.13849765258215962
