1 0.5950520833333334 0.05575117370892019 0.0234375 0.10211267605633803
1 0.5895833333333333 0.13732394366197184 0.021875 0.11032863849765258
1 0.5567708333333333 0.15786384976525822 0.028125 0.13497652582159625
1 0.584375 0.24237089201877934 0.03229166666666666 0.15375586854460094
1 0.8372395833333334 0.3791079812206573 0.043229166666666666 0.1784037558685446
1 0.8643229166666666 0.4964788732394366 0.034895833333333334 0.1807511737089202
0 0.80859375 0.17312206572769953 0.0265625 0.13262910798122066
0 0.9184895833333333 0.40492957746478875 0.0296875 0.17605633802816903
0 0.8799479166666666 0.3873239436619718 0.022395833333333334 0.1619718309859155
0 0.8700520833333333 0.2934272300469484 0.021354166666666667 0.1431924882629108
4 0.2703125 0.15551643192488263 0.14375 0.31103286384976525
4 0.20234375 0.49882629107981225 0.1515625 0.45774647887323944
