1 0.69453125 0.8949530516431925 0.0515625 0.20774647887323944
1 0.75078125 0.8186619718309859 0.043229166666666666 0.2312206572769953
1 0.7169270833333333 0.715962441314554 0.0453125 0.25821596244131456
1 0.6919270833333333 0.5733568075117371 0.0421875 0.2147887323943662
1 0.7046875 0.3937793427230047 0.03229166666666666 0.17253521126760563
1 0.865625 0.49882629107981225 0.036458333333333336 0.2112676056338028
1 0.58125 0.4284037558685446 0.03229166666666666 0.1807511737089202
1 0.6330729166666667 0.33215962441314556 0.03177083333333333 0.1784037558685446
1 0.5984375 0.33039906103286387 0.028125 0.15845070422535212
1 0.5861979166666667 0.2007042253521127 0.0265625 0.13145539906103287
1 0.5458333333333333 0.12206572769953052 0.020833333333333332 0.1267605633802817
1 0.57734375 0.04284037558685446 0.0203125 0.08568075117370892
0 0.8122395833333333 0.2734741784037559 0.021354166666666667 0.1596244131455399
0 0.9013020833333333 0.2576291079812207 0.027604166666666666 0.15375586854460094
0 0.8640625 0.3145539906103286 0.01875 0.14788732394366197
0 0.9427083333333334 0.4853286384976526 0.034375 0.20305164319248828
4 0.13671875 0.41725352112676056 0.17864583333333334 0.4894366197183099
4 0.25338541666666664 0.1807511737089202 0.16197916666666667 0.3615023474178404
3 0.48151041666666666 0.22769953051643194 0.1171875 0.32159624413145543
3 0.6950520833333333 0.13321596244131456 0.11614583333333334 0.2664319248826291
2 0.5091145833333334 0.7347417840375587 0.19427083333333334 0.3427230046948357
4 0.22786458333333334 0.7007042253521127 0.2921875 0.5962441314553991
