1 0.6653645833333334 0.5545774647887324 0.04010416666666666 0.2335680751173709
1 0.5828125 0.375 0.035416666666666666 0.19131455399061034
1 0.64765625 0.2476525821596244 0.033854166666666664 0.1643192488262911
1 0.6158854166666666 0.6461267605633803 0.04739583333333333 0.2359154929577465
1 0.8651041666666667 0.5 0.025 0.19014084507042253
1 0.8427083333333333 0.38438967136150237 0.026041666666666668 0.181924882629108
0 0.9093749999999999 0.41607981220657275 0.022916666666666665 0.20305164319248828
0 0.8278645833333333 0.5158450704225352 0.0265625 0.20305164319248828
0 0.8177083333333334 0.392018779342723 0.021875 0.1643192488262911
0 0.8111979166666666 0.16960093896713616 0.021354166666666667 0.12323943661971831
0 0.8645833333333334 0.28931924882629106 0.02395833333333333 0.1467136150234742
2 0.7208333333333333 0.11737089201877934 0.07291666666666667 0.13615023474178403
4 0.14713541666666666 0.1637323943661972 0.1015625 0.27582159624413144
