1 0.5716145833333334 0.15082159624413147 0.0296875 0.1396713615023474
1 0.5875 0.08744131455399061 0.026041666666666668 0.12089201877934272
1 0.7109375 0.13497652582159625 0.029166666666666667 0.11971830985915494
1 0.6434895833333333 0.3996478873239437 0.044270833333333336 0.18661971830985916
1 0.8369791666666666 0.38380281690140844 0.04375 0.1784037558685446
1 0.8640625 0.49471830985915494 0.03854166666666667 0.20305164319248828
0 0.8682291666666666 0.29518779342723006 0.026041666666666668 0.1467136150234742
0 0.809375 0.1619718309859155 0.02395833333333333 0.12441314553990611
0 0.890625 0.38673708920187794 0.026041666666666668 0.18427230046948356
0 0.9203125 0.4107981220657277 0.030208333333333334 0.20187793427230047
4 0.39739583333333334 0.14906103286384978 0.109375 0.29812206572769956
2 0.15625 0.14906103286384978 0.0875 0.1784037558685446
2 0.0609375 0.3028169014084507 0.103125 0.1971830985915493
