4 0.3924479166666667 0.3174882629107981 0.15260416666666665 0.43779342723004694
4 0.15625 0.3761737089201878 0.20104166666666667 0.505868544600939
1 0.6432291666666666 0.3767605633802817 0.03229166666666666 0.18544600938967137
1 0.8630208333333333 0.5035211267605634 0.036458333333333336 0.19248826291079812
1 0.85 0.3644366197183099 0.03333333333333333 0.16314553990610328
1 0.6755208333333333 0.24530516431924884 0.028125 0.15023474178403756
1 0.6390625 0.20011737089201878 0.025 0.13262910798122066
1 0.5901041666666667 0.20481220657276997 0.030208333333333334 0.1396713615023474
1 0.63671875 0.08333333333333333 0.024479166666666666 0.11032863849765258
1 0.5270833333333333 0.06572769953051644 0.021875 0.11032863849765258
0 0.915625 0.3620892018779343 0.03125 0.181924882629108
0 0.778125 0.1643192488262911 0.020833333333333332 0.14084507042253522
