1 0.7315104166666666 0.4595070422535211 0.03802083333333333 0.1983568075117371
1 0.8635416666666667 0.5 0.035416666666666666 0.2112676056338028
1 0.5880208333333333 0.47887323943661975 0.04583333333333333 0.19953051643192488
1 0.7098958333333333 0.6725352112676056 0.051041666666666666 0.22769953051643194
1 0.7166666666666667 0.8779342723004695 0.059375 0.24178403755868544
1 0.6247395833333333 0.3955399061032864 0.027604166666666666 0.17605633802816903
1 0.6458333333333334 0.36795774647887325 0.025 0.17018779342723006
1 0.6046875 0.26173708920187794 0.02395833333333333 0.15492957746478875
1 0.54609375 0.16314553990610328 0.022395833333333334 0.11032863849765258
1 0.571875 0.06338028169014084 0.01875 0.09859154929577466
1 0.5940104166666667 0.18779342723004694 0.0265625 0.14084507042253522
0 0.7703125 0.18896713615023475 0.01875 0.12441314553990611
0 0.809375 0.2881455399061033 0.025 0.16079812206572772
0 0.8653645833333333 0.3145539906103286 0.0234375 0.1596244131455399
0 0.9471354166666667 0.5005868544600939 0.0359375 0.20539906103286384
0 0.9002604166666667 0.2511737089201878 0.0234375 0.15023474178403756
0 0.790625 0.1613849765258216 0.017708333333333333 0.13028169014084506
4 0.21614583333333334 0.25234741784037557 0.203125 0.5046948356807511
3 0.47369791666666666 0.24882629107981222 0.13489583333333333 0.33568075117370894
3 0.69296875 0.13086854460093897 0.11197916666666667 0.26173708920187794
2 0.48802083333333335 0.7664319248826291 0.19375 0.3427230046948357
4 0.09010416666666667 0.6115023474178404 0.18020833333333333 0.5539906103286385
