1 0.81796875 0.6836854460093897 0.049479166666666664 0.23826291079812206
1 0.7713541666666667 0.5534037558685446 0.035416666666666666 0.21244131455399062
1 0.71015625 0.5099765258215962 0.034895833333333334 0.1983568075117371
1 0.66953125 0.44014084507042256 0.030729166666666665 0.1643192488262911
1 0.6231770833333333 0.35563380281690143 0.03802083333333333 0.16666666666666666
1 0.5796875 0.3767605633802817 0.034375 0.16901408450704225
1 0.5385416666666667 0.2775821596244131 0.025 0.1396713615023474
1 0.6247395833333333 0.2482394366197183 0.027604166666666666 0.11854460093896714
1 0.6059895833333333 0.20363849765258216 0.025520833333333333 0.1279342723004695
1 0.8653645833333333 0.49882629107981225 0.04114583333333333 0.2112676056338028
1 0.60546875 0.045774647887323945 0.0234375 0.09154929577464789
0 0.7578125 0.17605633802816903 0.022916666666666665 0.1267605633802817
0 0.81015625 0.22535211267605634 0.028645833333333332 0.13615023474178403
0 0.8661458333333333 0.31338028169014087 0.027083333333333334 0.1572769953051643
0 0.91171875 0.40669014084507044 0.028645833333333332 0.16314553990610328
0 0.9544270833333334 0.45833333333333337 0.0328125 0.17488262910798122
4 0.29713541666666665 0.3438967136150235 0.16302083333333334 0.5140845070422535
3 0.5143229166666666 0.13321596244131456 0.11614583333333334 0.2664319248826291
3 0.6921875 0.13732394366197184 0.11354166666666667 0.2746478873239437
2 0.6026041666666666 0.6261737089201878 0.19270833333333334 0.30164319248826293
2 0.13515625 0.18955399061032865 0.09010416666666667 0.15140845070422534
