1 0.66953125 0.5575117370892019 0.04010416666666666 0.20892018779342725
1 0.86484375 0.5023474178403756 0.03177083333333333 0.19014084507042253
1 0.8372395833333334 0.38380281690140844 0.04114583333333333 0.1807511737089202
1 0.72734375 0.16725352112676056 0.0328125 0.1279342723004695
1 0.59609375 0.16549295774647887 0.0296875 0.13145539906103287
1 0.5755208333333334 0.2564553990610329 0.030208333333333334 0.1443661971830986
0 0.9161458333333333 0.4113849765258216 0.029166666666666667 0.18896713615023475
0 0.8921875 0.36795774647887325 0.027083333333333334 0.181924882629108
0 0.8044270833333333 0.16607981220657278 0.0296875 0.13028169014084506
0 0.8671875 0.29518779342723006 0.020833333333333332 0.15610328638497653
4 0.38046875 0.25528169014084506 0.12864583333333332 0.4495305164319249
2 0.07838541666666667 0.29988262910798125 0.10989583333333333 0.2147887323943662
