1 0.8234374999999999 0.8832159624413146 0.052083333333333336 0.2312206572769953
1 0.7661458333333333 0.6619718309859155 0.04583333333333333 0.24882629107981222
1 0.7268229166666667 0.6449530516431925 0.0390625 0.21713615023474178
1 0.6950520833333333 0.5557511737089202 0.0328125 0.22417840375586856
1 0.6278645833333333 0.45598591549295775 0.033854166666666664 0.16314553990610328
1 0.5572916666666666 0.3251173708920188 0.030208333333333334 0.1619718309859155
1 0.6140625 0.2605633802816901 0.030208333333333334 0.1572769953051643
1 0.5947916666666666 0.2153755868544601 0.027083333333333334 0.13497652582159625
1 0.6486979166666667 0.29636150234741787 0.03177083333333333 0.1396713615023474
1 0.6518229166666667 0.42077464788732394 0.030729166666666665 0.18896713615023475
1 0.5997395833333333 0.0733568075117371 0.025520833333333333 0.12089201877934272
1 0.8606770833333334 0.4865023474178404 0.03802083333333333 0.20305164319248828
0 0.7713541666666667 0.18427230046948356 0.019791666666666666 0.1267605633802817
0 0.8153645833333333 0.2546948356807512 0.027604166666666666 0.14084507042253522
0 0.8651041666666667 0.3051643192488263 0.022916666666666665 0.14788732394366197
0 0.9291666666666667 0.426056338028169 0.03229166666666666 0.1572769953051643
0 0.9614583333333333 0.49413145539906106 0.03333333333333333 0.18309859154929578
0 0.8979166666666667 0.25528169014084506 0.026041666666666668 0.1396713615023474
2 0.5752604166666666 0.6613849765258216 0.1984375 0.3086854460093897
2 0.04010416666666666 0.36971830985915494 0.08020833333333333 0.1807511737089202
4 0.27369791666666665 0.5140845070422535 0.1921875 0.6666666666666666
3 0.503125 0.15199530516431925 0.11666666666666667 0.2946009389671362
3 0.6927083333333334 0.13849765258215962 0.10833333333333334 0.27699530516431925
4 0.26510416666666664 0.11091549295774648 0.121875 0.22183098591549297
