1 0.8653645833333333 0.49765258215962443 0.043229166666666666 0.19014084507042253
1 0.71953125 0.8116197183098591 0.0484375 0.27582159624413144
1 0.6098958333333333 0.7476525821596244 0.05 0.24882629107981222
1 0.6177083333333333 0.25880281690140844 0.03125 0.1396713615023474
1 0.66484375 0.33509389671361506 0.0359375 0.16784037558685447
1 0.49947916666666664 0.22065727699530516 0.026041666666666668 0.12441314553990611
1 0.5317708333333333 0.16666666666666666 0.021875 0.12441314553990611
1 0.5708333333333333 0.22887323943661972 0.027083333333333334 0.14084507042253522
1 0.6315104166666666 0.04929577464788733 0.0265625 0.09859154929577466
0 0.771875 0.17018779342723006 0.021875 0.13849765258215962
0 0.8117187499999999 0.1942488262910798 0.022395833333333334 0.1279342723004695
0 0.81875 0.49002347417840375 0.036458333333333336 0.22183098591549297
0 0.9182291666666667 0.39906103286384975 0.027083333333333334 0.16666666666666666
0 0.8895833333333333 0.3444835680751174 0.026041666666666668 0.15845070422535212
0 0.8638020833333333 0.3116197183098592 0.022395833333333334 0.15845070422535212
0 0.90234375 0.24178403755868544 0.018229166666666668 0.12910798122065728
2 0.6921875 0.5158450704225352 0.16145833333333334 0.2476525821596244
3 0.69140625 0.1437793427230047 0.11822916666666666 0.2875586854460094
3 0.5513020833333333 0.07629107981220658 0.09635416666666667 0.15258215962441316
4 0.07109375 0.7071596244131455 0.1421875 0.5833333333333334
