1 0.6947916666666667 0.4348591549295775 0.03958333333333333 0.1936619718309859
1 0.55390625 0.534037558685446 0.0390625 0.2136150234741784
1 0.5924479166666666 0.6226525821596244 0.03802083333333333 0.24295774647887325
1 0.746875 0.5997652582159625 0.04895833333333333 0.22535211267605634
1 0.8630208333333333 0.5 0.028125 0.18544600938967137
1 0.8302083333333333 0.3738262910798122 0.03854166666666667 0.17018779342723006
1 0.6630208333333333 0.7881455399061033 0.03958333333333333 0.25938967136150237
1 0.625 0.8720657276995305 0.04895833333333333 0.2535211267605634
0 0.90703125 0.3967136150234742 0.0328125 0.1807511737089202
0 0.8671875 0.3163145539906103 0.01875 0.15375586854460094
0 0.9018229166666667 0.24530516431924884 0.0203125 0.14084507042253522
0 0.8265625 0.17781690140845072 0.019791666666666666 0.13262910798122066
0 0.796875 0.18955399061032865 0.0125 0.11854460093896714
0 0.7776041666666667 0.17605633802816903 0.015625 0.1267605633802817
2 0.18619791666666666 0.6267605633802817 0.14947916666666666 0.2511737089201878
2 0.03177083333333333 0.4366197183098592 0.06354166666666666 0.22535211267605634
2 0.14166666666666666 0.1625586854460094 0.07604166666666666 0.16314553990610328
4 0.2598958333333333 0.18720657276995306 0.171875 0.3744131455399061
3 0.65234375 0.2142018779342723 0.1765625 0.3814553990610329
