1 0.8651041666666667 0.4994131455399061 0.036458333333333336 0.18427230046948356
1 0.8351562499999999 0.38673708920187794 0.0390625 0.1772300469483568
1 0.76953125 0.7318075117370892 0.0515625 0.2805164319248826
1 0.5713541666666666 0.0710093896713615 0.021875 0.11384976525821597
0 0.9421875 0.8268779342723005 0.03333333333333333 0.25704225352112675
0 0.9182291666666667 0.40962441314553993 0.026041666666666668 0.19014084507042253
0 0.8755208333333333 0.3890845070422535 0.019791666666666666 0.181924882629108
0 0.8661458333333333 0.2934272300469484 0.025 0.15023474178403756
0 0.8072916666666666 0.16901408450704225 0.019791666666666666 0.13849765258215962
4 0.3184895833333333 0.1643192488262911 0.0953125 0.26760563380281693
4 0.18802083333333333 0.4166666666666667 0.15208333333333332 0.4107981220657277
