1 0.61875 0.27699530516431925 0.03125 0.1596244131455399
1 0.8653645833333333 0.49882629107981225 0.03697916666666667 0.18779342723004694
1 0.8375 0.3855633802816901 0.04479166666666667 0.17488262910798122
1 0.7010416666666667 0.8110328638497653 0.053125 0.2652582159624413
1 0.5653645833333333 0.07042253521126761 0.021354166666666667 0.11267605633802817
1 0.7044270833333334 0.09976525821596244 0.0296875 0.12441314553990611
0 0.9200520833333333 0.4178403755868545 0.025520833333333333 0.20187793427230047
0 0.8898437499999999 0.38321596244131456 0.0265625 0.16314553990610328
0 0.865625 0.2934272300469484 0.021875 0.1619718309859155
0 0.8083333333333333 0.16960093896713616 0.025 0.12323943661971831
2 0.15208333333333332 0.1402582159624413 0.08541666666666667 0.13732394366197184
2 0.21744791666666666 0.0545774647887324 0.0734375 0.1091549295774648
4 0.10833333333333334 0.5827464788732395 0.21666666666666667 0.8321596244131455
