1 0.6934895833333333 0.8644366197183099 0.05572916666666666 0.2687793427230047
1 0.6453125 0.6414319248826291 0.04375 0.2335680751173709
1 0.515625 0.49237089201877937 0.03854166666666667 0.2147887323943662
1 0.5950520833333334 0.4536384976525822 0.0359375 0.1936619718309859
1 0.54921875 0.40962441314553993 0.03177083333333333 0.1807511737089202
1 0.5986979166666666 0.1965962441314554 0.027604166666666666 0.1396713615023474
1 0.5760416666666667 0.15316901408450703 0.021875 0.1255868544600939
1 0.5408854166666667 0.13145539906103287 0.024479166666666666 0.11737089201877934
1 0.515625 0.056338028169014086 0.022916666666666665 0.11267605633802817
1 0.4578125 0.05985915492957747 0.021875 0.11267605633802817
1 0.5625 0.0698356807511737 0.016666666666666666 0.09741784037558686
1 0.8653645833333333 0.49882629107981225 0.03697916666666667 0.1971830985915493
0 0.7869791666666667 0.29636150234741787 0.025 0.18427230046948356
0 0.86484375 0.31396713615023475 0.0203125 0.16079812206572772
0 0.8971354166666666 0.357981220657277 0.03177083333333333 0.16666666666666666
0 0.8140625 0.17488262910798122 0.01875 0.11737089201877934
4 0.25364583333333335 0.15082159624413147 0.128125 0.30164319248826293
2 0.7341145833333333 0.4495305164319249 0.12552083333333333 0.22769953051643194
3 0.68671875 0.13732394366197184 0.11927083333333333 0.2746478873239437
4 0.184375 0.6467136150234742 0.36875 0.7042253521126761
