1 0.621875 0.08098591549295775 0.025 0.11502347417840376
1 0.5596354166666666 0.12617370892018778 0.025520833333333333 0.10211267605633803
1 0.5614583333333333 0.2007042253521127 0.021875 0.13380281690140847
1 0.5330729166666667 0.3415492957746479 0.03177083333333333 0.1596244131455399
1 0.5809895833333333 0.4536384976525822 0.033854166666666664 0.2007042253521127
1 0.6046875 0.40375586854460094 0.029166666666666667 0.18779342723004694
1 0.665625 0.3392018779342723 0.034375 0.17605633802816903
1 0.7520833333333333 0.7095070422535211 0.046875 0.25704225352112675
1 0.8627604166666667 0.49471830985915494 0.0296875 0.2007042253521127
1 0.83984375 0.38438967136150237 0.0265625 0.17253521126760563
0 0.8106770833333333 0.46185446009389675 0.024479166666666666 0.18427230046948356
0 0.98515625 0.5381455399061033 0.028645833333333332 0.24061032863849766
0 0.9114583333333334 0.4084507042253521 0.020833333333333332 0.19248826291079812
0 0.89296875 0.3485915492957747 0.024479166666666666 0.16666666666666666
0 0.8622395833333333 0.29694835680751175 0.018229166666666668 0.16666666666666666
0 0.8111979166666666 0.17194835680751175 0.015104166666666667 0.13497652582159625
2 0.184375 0.15492957746478875 0.07291666666666667 0.1267605633802817
2 0.7205729166666667 0.06396713615023475 0.06614583333333333 0.1279342723004695
3 0.078125 0.26173708920187794 0.15625 0.34976525821596244
4 0.11927083333333333 0.6619718309859155 0.23854166666666665 0.6737089201877935
