1 0.7721354166666666 0.6150234741784038 0.0390625 0.2347417840375587
1 0.8624999999999999 0.5011737089201878 0.03333333333333333 0.19953051643192488
1 0.75859375 0.3415492957746479 0.03177083333333333 0.17605633802816903
1 0.8354166666666667 0.38204225352112675 0.03958333333333333 0.1772300469483568
1 0.5442708333333334 0.0698356807511737 0.026041666666666668 0.11384976525821597
0 0.9002604166666667 0.2529342723004695 0.0234375 0.1467136150234742
0 0.8171875 0.22359154929577466 0.022916666666666665 0.15845070422535212
0 0.7841145833333333 0.18779342723004694 0.0171875 0.13849765258215962
0 0.8729166666666667 0.31866197183098594 0.020833333333333332 0.16549295774647887
0 0.9356770833333333 0.49765258215962443 0.028645833333333332 0.19483568075117372
4 0.11302083333333333 0.5469483568075117 0.22604166666666667 0.8802816901408451
3 0.5622395833333333 0.3444835680751174 0.2421875 0.49178403755868544
2 0.39166666666666666 0.0545774647887324 0.065625 0.1091549295774648
2 0.20729166666666665 0.05223004694835681 0.07395833333333333 0.10446009389671362
