4 0.3731770833333333 0.4765258215962441 0.18177083333333333 0.5352112676056339
4 0.10208333333333333 0.5410798122065728 0.20416666666666666 0.6220657276995305
1 0.6661458333333333 0.4982394366197183 0.042708333333333334 0.22183098591549297
1 0.6940104166666666 0.3192488262910798 0.03697916666666667 0.1807511737089202
1 0.64921875 0.2687793427230047 0.028645833333333332 0.14788732394366197
1 0.603125 0.27699530516431925 0.02395833333333333 0.1572769953051643
1 0.6455729166666666 0.142018779342723 0.033854166666666664 0.13145539906103287
1 0.5294270833333333 0.13086854460093897 0.019270833333333334 0.11854460093896714
1 0.86328125 0.5005868544600939 0.034895833333333334 0.19131455399061034
1 0.8505208333333333 0.3609154929577465 0.03333333333333333 0.16079812206572772
0 0.9158854166666667 0.36971830985915494 0.025520833333333333 0.19014084507042253
0 0.7809895833333333 0.1596244131455399 0.024479166666666666 0.13145539906103287
0 0.8010416666666667 0.17370892018779344 0.015625 0.12441314553990611
