2 0.2911458333333333 0.04812206572769953 0.0625 0.09624413145539906
1 0.5651041666666666 0.1960093896713615 0.030208333333333334 0.13145539906103287
1 0.6028645833333334 0.04518779342723005 0.01614583333333333 0.0903755868544601
1 0.5778645833333333 0.3591549295774648 0.0296875 0.1643192488262911
1 0.8653645833333333 0.5011737089201878 0.04114583333333333 0.1971830985915493
1 0.8518229166666667 0.3568075117370892 0.03802083333333333 0.17370892018779344
1 0.6791666666666667 0.8057511737089202 0.06354166666666666 0.2852112676056338
1 0.6020833333333333 0.8485915492957746 0.046875 0.2887323943661972
0 0.9166666666666666 0.42194835680751175 0.026041666666666668 0.1960093896713615
0 0.8059895833333334 0.159037558685446 0.021354166666666667 0.11619718309859155
