1 0.8643229166666666 0.4964788732394366 0.03802083333333333 0.19014084507042253
1 0.6083333333333333 0.6578638497652582 0.04583333333333333 0.2476525821596244
1 0.6440104166666667 0.3703051643192488 0.03697916666666667 0.1960093896713615
1 0.5833333333333334 0.15845070422535212 0.02395833333333333 0.14553990610328638
1 0.6192708333333333 0.09683098591549295 0.019791666666666666 0.12089201877934272
1 0.5645833333333333 0.04518779342723005 0.02395833333333333 0.0903755868544601
0 0.7994791666666666 0.36032863849765256 0.026041666666666668 0.1619718309859155
0 0.9041666666666667 0.3744131455399061 0.026041666666666668 0.1971830985915493
0 0.9518229166666666 0.4325117370892019 0.03177083333333333 0.21244131455399062
0 0.8119791666666667 0.16490610328638497 0.021875 0.12323943661971831
0 0.8677083333333333 0.31396713615023475 0.02395833333333333 0.16549295774647887
4 0.37838541666666664 0.107981220657277 0.11197916666666667 0.215962441314554
2 0.19427083333333334 0.0892018779342723 0.071875 0.11267605633802817
2 0.7028645833333333 0.04988262910798122 0.07135416666666666 0.09976525821596244
