1 0.6401041666666667 0.13028169014084506 0.029166666666666667 0.13380281690140847
1 0.6130208333333333 0.20950704225352113 0.03125 0.1396713615023474
1 0.5515625 0.2136150234741784 0.0375 0.15023474178403756
1 0.5776041666666667 0.4154929577464789 0.042708333333333334 0.19248826291079812
1 0.63984375 0.3943661971830986 0.04114583333333333 0.17605633802816903
1 0.8638020833333333 0.49882629107981225 0.03177083333333333 0.1971830985915493
1 0.8372395833333334 0.38967136150234744 0.030729166666666665 0.18544600938967137
0 0.7752604166666667 0.1942488262910798 0.01614583333333333 0.13732394366197184
0 0.9635416666666666 0.5534037558685446 0.040625 0.25938967136150237
0 0.884375 0.3274647887323944 0.026041666666666668 0.1643192488262911
0 0.8658854166666666 0.30927230046948356 0.022395833333333334 0.16784037558685447
2 0.2359375 0.4184272300469484 0.12395833333333334 0.22887323943661972
2 0.18098958333333334 0.09917840375586855 0.06510416666666667 0.1255868544600939
3 0.39921875 0.6402582159624414 0.2817708333333333 0.7147887323943662
4 0.28125 0.14964788732394366 0.14895833333333333 0.2992957746478873
