1 0.86328125 0.49413145539906106 0.03177083333333333 0.20187793427230047
1 0.6627604166666666 0.806924882629108 0.04739583333333333 0.26173708920187794
1 0.5799479166666667 0.6613849765258216 0.03802083333333333 0.2312206572769953
1 0.6135416666666667 0.5545774647887324 0.042708333333333334 0.2147887323943662
1 0.5557291666666666 0.505868544600939 0.0375 0.18779342723004694
1 0.6125 0.23767605633802819 0.03229166666666666 0.15610328638497653
1 0.5763020833333333 0.1965962441314554 0.024479166666666666 0.13262910798122066
1 0.5481770833333334 0.1625586854460094 0.022395833333333334 0.1255868544600939
1 0.45859374999999997 0.11150234741784038 0.0203125 0.11267605633802817
1 0.515625 0.10328638497652583 0.020833333333333332 0.11032863849765258
1 0.49322916666666666 0.06455399061032864 0.021875 0.107981220657277
0 0.7984375 0.3532863849765258 0.028125 0.17136150234741784
0 0.8664062499999999 0.31103286384976525 0.021354166666666667 0.15492957746478875
0 0.9018229166666667 0.37089201877934275 0.0296875 0.1619718309859155
0 0.8052083333333333 0.18485915492957747 0.016666666666666666 0.1279342723004695
0 0.7880208333333333 0.13145539906103287 0.01875 0.1431924882629108
3 0.6947916666666667 0.13380281690140847 0.1125 0.26760563380281693
2 0.7221354166666667 0.4677230046948357 0.13489583333333333 0.25704225352112675
4 0.19869791666666667 0.289906103286385 0.1578125 0.42018779342723006
