1 0.5744791666666667 0.06103286384976526 0.020833333333333332 0.11032863849765258
1 0.6205729166666667 0.20539906103286384 0.028645833333333332 0.15023474178403756
1 0.5713541666666666 0.375 0.03854166666666667 0.17253521126760563
1 0.6760416666666667 0.7552816901408451 0.053125 0.2664319248826291
1 0.6177083333333333 0.8491784037558686 0.057291666666666664 0.2992957746478873
1 0.7859375 0.8386150234741784 0.06979166666666667 0.25234741784037557
1 0.8645833333333334 0.5017605633802817 0.035416666666666666 0.20539906103286384
0 0.9473958333333333 0.40375586854460094 0.029166666666666667 0.19248826291079812
0 0.8979166666666667 0.38321596244131456 0.02395833333333333 0.1795774647887324
0 0.8065104166666667 0.3345070422535211 0.018229166666666668 0.15023474178403756
0 0.825 0.3914319248826291 0.022916666666666665 0.18427230046948356
0 0.8682291666666666 0.3163145539906103 0.022916666666666665 0.17253521126760563
0 0.8122395833333333 0.16490610328638497 0.019270833333333334 0.12323943661971831
2 0.7046875 0.0545774647887324 0.06875 0.1091549295774648
