2 0.16796875 0.09330985915492958 0.07135416666666666 0.14906103286384978
2 0.21901041666666665 0.3174882629107981 0.09739583333333333 0.1772300469483568
1 0.5927083333333333 0.25528169014084506 0.027083333333333334 0.15610328638497653
1 0.65390625 0.24530516431924884 0.0296875 0.15023474178403756
1 0.5526041666666667 0.15140845070422534 0.027083333333333334 0.12910798122065728
1 0.5794270833333334 0.07805164319248827 0.022395833333333334 0.12323943661971831
1 0.6489583333333333 0.8286384976525821 0.05625 0.2934272300469484
1 0.8643229166666666 0.5035211267605634 0.04114583333333333 0.20422535211267606
1 0.8513020833333333 0.3591549295774648 0.0328125 0.15023474178403756
0 0.9174479166666667 0.4131455399061033 0.0234375 0.18544600938967137
0 0.8067708333333333 0.16725352112676056 0.019791666666666666 0.13497652582159625
