1 0.6739583333333333 0.625 0.046875 0.25
1 0.5682291666666667 0.40023474178403756 0.03229166666666666 0.20422535211267606
1 0.56796875 0.06631455399061033 0.022395833333333334 0.11150234741784038
1 0.6401041666666667 0.06924882629107981 0.029166666666666667 0.11737089201877934
1 0.8510416666666667 0.3550469483568075 0.04375 0.15845070422535212
1 0.8622395833333333 0.5011737089201878 0.03697916666666667 0.19014084507042253
0 0.9174479166666667 0.41607981220657275 0.027604166666666666 0.1983568075117371
0 0.8067708333333333 0.16784037558685447 0.021875 0.13380281690140847
3 0.39010416666666664 0.10856807511737089 0.09583333333333333 0.21713615023474178
2 0.21953124999999998 0.046948356807511735 0.0734375 0.09389671361502347
0 0.9018229166666667 0.24413145539906103 0.0265625 0.13380281690140847
