1 0.59375 0.04460093896713615 0.022916666666666665 0.0892018779342723
1 0.5427083333333333 0.08509389671361503 0.019791666666666666 0.1091549295774648
1 0.5731770833333333 0.1772300469483568 0.027604166666666666 0.13145539906103287
1 0.8669270833333333 0.5052816901408451 0.0359375 0.18896713615023475
0 0.8078124999999999 0.1625586854460094 0.017708333333333333 0.1255868544600939
0 0.890625 0.36502347417840375 0.03333333333333333 0.1619718309859155
0 0.9197916666666667 0.41607981220657275 0.03958333333333333 0.18896713615023475
0 0.8875 0.36678403755868544 0.025 0.16314553990610328
2 0.27265625 0.2652582159624413 0.09427083333333333 0.20657276995305165
4 0.09114583333333333 0.1936619718309859 0.14166666666666666 0.3427230046948357
