1 0.6880208333333333 0.3568075117370892 0.03333333333333333 0.17370892018779344
1 0.5864583333333333 0.4336854460093897 0.035416666666666666 0.18896713615023475
1 0.865625 0.4982394366197183 0.03229166666666666 0.1936619718309859
0 0.9122395833333333 0.732981220657277 0.030729166666666665 0.22887323943661972
0 0.9184895833333333 0.4072769953051643 0.028645833333333332 0.19483568075117372
0 0.8682291666666666 0.2916666666666667 0.027083333333333334 0.15845070422535212
0 0.81015625 0.17253521126760563 0.022395833333333334 0.13615023474178403
2 0.46848958333333335 0.602112676056338 0.1515625 0.284037558685446
2 0.05078125 0.3761737089201878 0.1015625 0.1983568075117371
4 0.15182291666666667 0.11737089201877934 0.0921875 0.2347417840375587
4 0.32109375 0.11032863849765258 0.09010416666666667 0.22065727699530516
