1 0.6497395833333334 0.8791079812206573 0.0546875 0.23943661971830987
1 0.6635416666666667 0.3221830985915493 0.0375 0.16784037558685447
1 0.5875 0.2857981220657277 0.026041666666666668 0.1443661971830986
1 0.5559895833333334 0.3034037558685446 0.034895833333333334 0.15375586854460094
1 0.5361979166666666 0.22007042253521128 0.027604166666666666 0.15375586854460094
1 0.5083333333333333 0.16549295774647887 0.026041666666666668 0.12910798122065728
1 0.5973958333333333 0.16079812206572772 0.021875 0.12206572769953052
1 0.628125 0.08215962441314555 0.029166666666666667 0.12206572769953052
0 0.8468749999999999 0.5950704225352113 0.040625 0.22535211267605634
0 0.9276041666666667 0.409037558685446 0.028125 0.1936619718309859
0 0.8898437499999999 0.36032863849765256 0.03177083333333333 0.1807511737089202
0 0.8640625 0.31103286384976525 0.022916666666666665 0.15258215962441316
0 0.7630208333333334 0.15845070422535212 0.025 0.13380281690140847
0 0.7921875 0.1789906103286385 0.026041666666666668 0.13028169014084506
0 0.8135416666666666 0.20539906103286384 0.019791666666666666 0.14788732394366197
3 0.6940104166666666 0.13615023474178403 0.10572916666666667 0.27230046948356806
3 0.54296875 0.09507042253521127 0.10052083333333334 0.19014084507042253
2 0.67109375 0.5440140845070423 0.17135416666666667 0.2640845070422535
4 0.3502604166666667 0.12265258215962442 0.10885416666666667 0.24530516431924884
2 0.21875 0.11091549295774648 0.084375 0.15140845070422534
