2 0.35130208333333335 0.48063380281690143 0.17760416666666667 0.5481220657276995
4 0.13046875 0.5035211267605634 0.2609375 0.835680751173709
2 0.19869791666666667 0.05223004694835681 0.07864583333333333 0.10446009389671362
1 0.7734375 0.8873239436619719 0.08020833333333333 0.22300469483568075
1 0.7276041666666666 0.6672535211267606 0.05625 0.2664319248826291
1 0.86484375 0.5005868544600939 0.044270833333333336 0.2007042253521127
1 0.5869791666666666 0.3620892018779343 0.03958333333333333 0.18896713615023475
1 0.5888020833333333 0.24589201877934272 0.028645833333333332 0.13262910798122066
1 0.6234375 0.23826291079812206 0.028125 0.1572769953051643
1 0.646875 0.18955399061032865 0.03229166666666666 0.1443661971830986
1 0.5606770833333333 0.18720657276995306 0.030729166666666665 0.15140845070422534
1 0.8557291666666667 0.3609154929577465 0.041666666666666664 0.17253521126760563
1 0.5919270833333333 0.12206572769953052 0.0296875 0.12910798122065728
1 0.7794270833333333 0.16725352112676056 0.024479166666666666 0.1443661971830986
1 0.9158854166666667 0.36795774647887325 0.033854166666666664 0.1960093896713615
