0 0.8059895833333334 0.16960093896713616 0.022395833333333334 0.1396713615023474
0 0.9208333333333333 0.42136150234741787 0.03229166666666666 0.17605633802816903
2 0.15026041666666667 0.5105633802816901 0.12447916666666667 0.23708920187793428
2 0.07161458333333333 0.2652582159624413 0.10052083333333334 0.19953051643192488
1 0.6184895833333334 0.4289906103286385 0.04010416666666666 0.20539906103286384
1 0.6872395833333333 0.3767605633802817 0.03177083333333333 0.18544600938967137
1 0.56796875 0.27406103286384975 0.033854166666666664 0.14906103286384978
1 0.590625 0.1572769953051643 0.03229166666666666 0.13380281690140847
1 0.8643229166666666 0.5005868544600939 0.03697916666666667 0.181924882629108
1 0.8515625 0.3609154929577465 0.035416666666666666 0.15610328638497653
1 0.5419270833333333 0.04929577464788733 0.030729166666666665 0.09859154929577466
0 0.90234375 0.24589201877934272 0.019270833333333334 0.14906103286384978
