1 0.5065104166666666 0.29401408450704225 0.034895833333333334 0.16079812206572772
1 0.5338541666666666 0.34800469483568075 0.03333333333333333 0.17018779342723006
1 0.63203125 0.3362676056338028 0.0296875 0.1467136150234742
1 0.6760416666666667 0.4184272300469484 0.04583333333333333 0.16784037558685447
1 0.76640625 0.35035211267605637 0.050520833333333334 0.14906103286384978
1 0.765625 0.7042253521126761 0.052083333333333336 0.27230046948356806
1 0.8638020833333333 0.5029342723004695 0.03177083333333333 0.21009389671361503
1 0.6888020833333334 0.6396713615023474 0.0359375 0.22535211267605634
1 0.64296875 0.8327464788732395 0.05677083333333333 0.2687793427230047
1 0.5947916666666666 0.585093896713615 0.040625 0.21244131455399062
1 0.6174479166666667 0.5093896713615024 0.033854166666666664 0.1971830985915493
1 0.15494791666666666 0.2705399061032864 0.03697916666666667 0.15140845070422534
0 0.8830729166666667 0.37265258215962443 0.0203125 0.1772300469483568
0 0.8635416666666667 0.31338028169014087 0.016666666666666666 0.1596244131455399
0 0.79765625 0.1936619718309859 0.011979166666666666 0.13380281690140847
3 0.33229166666666665 0.7253521126760564 0.25625 0.5469483568075117
3 0.6791666666666667 0.1625586854460094 0.15208333333333332 0.31572769953051644
2 0.340625 0.24706572769953053 0.09270833333333334 0.15845070422535212
2 0.16041666666666665 0.1449530516431925 0.071875 0.13497652582159625
3 0.034895833333333334 0.4025821596244131 0.06979166666666667 0.27230046948356806
