1 0.8677083333333333 0.5041079812206573 0.036458333333333336 0.20305164319248828
1 0.7091145833333333 0.42664319248826293 0.0328125 0.18427230046948356
1 0.6940104166666666 0.7869718309859155 0.0453125 0.2711267605633803
1 0.6901041666666666 0.6179577464788732 0.053125 0.2007042253521127
1 0.5888020833333333 0.2681924882629108 0.027604166666666666 0.15610328638497653
1 0.6364583333333333 0.20011737089201878 0.026041666666666668 0.1443661971830986
1 0.5981770833333333 0.15375586854460094 0.0265625 0.13615023474178403
1 0.56015625 0.10504694835680752 0.018229166666666668 0.11384976525821597
0 0.8937499999999999 0.3773474178403756 0.020833333333333332 0.17253521126760563
0 0.9609375 0.6208920187793427 0.036458333333333336 0.24647887323943662
0 0.78125 0.18309859154929578 0.020833333333333332 0.14788732394366197
0 0.8143229166666667 0.2664319248826291 0.022395833333333334 0.13849765258215962
4 0.12578125 0.4982394366197183 0.2515625 0.8814553990610329
3 0.27838541666666666 0.8433098591549296 0.3255208333333333 0.31103286384976525
