1 0.7236979166666666 0.5029342723004695 0.0421875 0.22183098591549297
1 0.63125 0.721830985915493 0.052083333333333336 0.28169014084507044
1 0.8627604166666667 0.5 0.033854166666666664 0.19014084507042253
1 0.8359375 0.38438967136150237 0.042708333333333334 0.181924882629108
0 0.809375 0.16314553990610328 0.019791666666666666 0.13380281690140847
0 0.9205729166666666 0.40786384976525825 0.034895833333333334 0.18661971830985916
0 0.92734375 0.7799295774647887 0.034895833333333334 0.2664319248826291
4 0.2739583333333333 0.20833333333333334 0.096875 0.2992957746478873
4 0.08385416666666666 0.2183098591549296 0.11145833333333333 0.3004694835680751
4 0.35 0.090962441314554 0.078125 0.181924882629108
2 0.39817708333333335 0.7910798122065728 0.17239583333333333 0.3427230046948357
