1 0.5458333333333333 0.12206572769953052 0.025 0.12910798122065728
1 0.6088541666666667 0.2564553990610329 0.028125 0.14906103286384978
1 0.5864583333333333 0.42370892018779344 0.03958333333333333 0.20657276995305165
1 0.6630208333333333 0.6637323943661972 0.046875 0.25234741784037557
1 0.7278645833333334 0.5375586854460094 0.043229166666666666 0.215962441314554
1 0.8661458333333333 0.4964788732394366 0.03333333333333333 0.19953051643192488
1 0.85 0.3515258215962441 0.03854166666666667 0.15375586854460094
0 0.9166666666666666 0.41431924882629106 0.028125 0.19483568075117372
0 0.8065104166666667 0.1643192488262911 0.021354166666666667 0.13849765258215962
2 0.07135416666666666 0.7758215962441315 0.14270833333333333 0.3075117370892019
0 0.90234375 0.24471830985915494 0.022395833333333334 0.1396713615023474
