1 0.5763020833333333 0.15140845070422534 0.024479166666666666 0.12441314553990611
1 0.54140625 0.07511737089201878 0.021354166666666667 0.12206572769953052
1 0.8341145833333333 0.3884976525821596 0.0421875 0.16901408450704225
1 0.8622395833333333 0.5046948356807511 0.0328125 0.1971830985915493
0 0.8664062499999999 0.2946009389671362 0.021354166666666667 0.14788732394366197
0 0.8802083333333334 0.38673708920187794 0.027083333333333334 0.16784037558685447
0 0.9205729166666666 0.4137323943661972 0.034895833333333334 0.18661971830985916
0 0.8088541666666667 0.17194835680751175 0.019791666666666666 0.11854460093896714
0 0.9601562499999999 0.8679577464788732 0.0421875 0.26173708920187794
4 0.2674479166666667 0.29988262910798125 0.11927083333333333 0.34624413145539906
4 0.08307291666666666 0.7142018779342724 0.16614583333333333 0.5692488262910799
