1 0.76015625 0.7963615023474179 0.04114583333333333 0.2640845070422535
1 0.7072916666666667 0.75 0.040625 0.2511737089201878
1 0.6830729166666667 0.5586854460093896 0.0390625 0.215962441314554
1 0.8674479166666667 0.4964788732394366 0.0390625 0.20657276995305165
1 0.6763020833333333 0.33098591549295775 0.030729166666666665 0.1572769953051643
1 0.5716145833333334 0.3755868544600939 0.0296875 0.1619718309859155
1 0.6223958333333334 0.29284037558685444 0.034375 0.17018779342723006
1 0.5880208333333333 0.26467136150234744 0.030208333333333334 0.15610328638497653
1 0.5627604166666667 0.142018779342723 0.019270833333333334 0.11971830985915494
1 0.5932291666666667 0.1091549295774648 0.02395833333333333 0.12206572769953052
0 0.9783854166666667 0.5223004694835681 0.0265625 0.20422535211267606
0 0.9401041666666666 0.45833333333333337 0.034375 0.2007042253521127
0 0.8638020833333333 0.3204225352112676 0.025520833333333333 0.16901408450704225
0 0.8145833333333333 0.25997652582159625 0.021875 0.15610328638497653
0 0.903125 0.2476525821596244 0.028125 0.1431924882629108
0 0.76953125 0.18955399061032865 0.018229166666666668 0.13262910798122066
0 0.78828125 0.16901408450704225 0.021354166666666667 0.12441314553990611
4 0.265625 0.6320422535211268 0.23645833333333333 0.7241784037558686
4 0.21588541666666666 0.23004694835680753 0.1421875 0.3427230046948357
3 0.4895833333333333 0.181924882629108 0.12083333333333333 0.3028169014084507
3 0.6895833333333333 0.13849765258215962 0.10833333333333334 0.27699530516431925
2 0.5489583333333333 0.6883802816901409 0.19166666666666665 0.3274647887323944
