1 0.6354166666666666 0.1637323943661972 0.030208333333333334 0.14906103286384978
1 0.5479166666666666 0.15316901408450703 0.027083333333333334 0.13497652582159625
1 0.6 0.29577464788732394 0.030208333333333334 0.1643192488262911
1 0.5791666666666666 0.3755868544600939 0.030208333333333334 0.17136150234741784
1 0.7419270833333333 0.6144366197183099 0.049479166666666664 0.2359154929577465
1 0.6450520833333333 0.6437793427230047 0.0515625 0.2312206572769953
1 0.58671875 0.6883802816901409 0.04010416666666666 0.24061032863849766
1 0.6638020833333333 0.8327464788732395 0.04635416666666667 0.29225352112676056
1 0.8658854166666666 0.49589201877934275 0.030729166666666665 0.1983568075117371
1 0.8403645833333333 0.38204225352112675 0.0265625 0.1772300469483568
0 0.8200520833333333 0.49237089201877937 0.0265625 0.19131455399061034
0 0.9111979166666666 0.4119718309859155 0.0234375 0.19483568075117372
0 0.8111979166666666 0.16725352112676056 0.021354166666666667 0.142018779342723
2 0.10703125 0.31572769953051644 0.10885416666666667 0.1643192488262911
2 0.72890625 0.08274647887323944 0.0609375 0.12323943661971831
4 0.21666666666666667 0.08157276995305164 0.08645833333333333 0.16314553990610328
