1 0.6244791666666667 0.3685446009389671 0.03958333333333333 0.18544600938967137
1 0.6916666666666667 0.4313380281690141 0.03854166666666667 0.18427230046948356
1 0.8622395833333333 0.49882629107981225 0.0421875 0.20892018779342725
1 0.6625 0.6379107981220657 0.04791666666666666 0.25234741784037557
1 0.5567708333333333 0.35211267605633806 0.036458333333333336 0.1807511737089202
1 0.5463541666666667 0.13086854460093897 0.028125 0.12323943661971831
1 0.5979166666666667 0.056338028169014086 0.022916666666666665 0.11267605633802817
1 0.8263020833333333 0.8767605633802817 0.06510416666666667 0.24413145539906103
0 0.98046875 0.6719483568075117 0.03697916666666667 0.26173708920187794
0 0.9190104166666666 0.3597417840375587 0.0203125 0.1936619718309859
0 0.8927083333333333 0.3685446009389671 0.019791666666666666 0.17605633802816903
0 0.8682291666666666 0.30927230046948356 0.020833333333333332 0.14906103286384978
0 0.81796875 0.2875586854460094 0.0171875 0.12206572769953052
0 0.82578125 0.40082159624413144 0.025520833333333333 0.17253521126760563
2 0.1734375 0.13556338028169015 0.08229166666666667 0.16079812206572772
2 0.7026041666666667 0.0545774647887324 0.06770833333333333 0.1091549295774648
