1 0.6005208333333333 0.19014084507042253 0.026041666666666668 0.13380281690140847
1 0.7002604166666666 0.06866197183098592 0.022395833333333334 0.10446009389671362
1 0.8354166666666667 0.38615023474178406 0.040625 0.18309859154929578
1 0.8653645833333333 0.5035211267605634 0.0359375 0.18779342723004694
1 0.625 0.6748826291079812 0.04375 0.23708920187793428
0 0.8088541666666667 0.17429577464788734 0.020833333333333332 0.13028169014084506
0 0.8674479166666667 0.29577464788732394 0.0234375 0.15492957746478875
0 0.8893229166666666 0.3773474178403756 0.024479166666666666 0.17488262910798122
0 0.9205729166666666 0.4137323943661972 0.033854166666666664 0.1936619718309859
4 0.13619791666666667 0.414906103286385 0.26510416666666664 0.7570422535211268
