1 0.6286458333333333 0.198943661971831 0.027083333333333334 0.13732394366197184
1 0.6119791666666666 0.04225352112676056 0.021875 0.08450704225352113
1 0.5466145833333333 0.09448356807511737 0.0203125 0.1068075117370892
1 0.5268229166666667 0.17253521126760563 0.027604166666666666 0.1267605633802817
1 0.5450520833333333 0.2711267605633803 0.0328125 0.15258215962441316
1 0.5911458333333334 0.27523474178403756 0.030208333333333334 0.15375586854460094
1 0.68359375 0.45422535211267606 0.03802083333333333 0.19483568075117372
1 0.6752604166666667 0.6766431924882629 0.04739583333333333 0.2546948356807512
1 0.8661458333333333 0.5 0.034375 0.19483568075117372
1 0.84140625 0.38615023474178406 0.028645833333333332 0.17605633802816903
0 0.7971354166666667 0.4330985915492958 0.0234375 0.18309859154929578
0 0.821875 0.3914319248826291 0.021875 0.1772300469483568
0 0.9786458333333333 0.517018779342723 0.03854166666666667 0.22887323943661972
0 0.9125 0.40375586854460094 0.030208333333333334 0.20422535211267606
0 0.8838541666666666 0.33861502347417843 0.028125 0.16314553990610328
0 0.8614583333333333 0.2916666666666667 0.019791666666666666 0.15610328638497653
0 0.8098958333333334 0.17136150234741784 0.017708333333333333 0.13380281690140847
4 0.20703125 0.43427230046948356 0.2505208333333333 0.636150234741784
3 0.16302083333333334 0.14143192488262912 0.13020833333333334 0.28286384976525825
2 0.7122395833333334 0.056924882629107984 0.0703125 0.11384976525821597
