1 0.7807291666666667 0.7470657276995305 0.06770833333333333 0.2640845070422535
1 0.8653645833333333 0.5011737089201878 0.0390625 0.20657276995305165
1 0.83828125 0.38438967136150237 0.04114583333333333 0.1795774647887324
1 0.6161458333333333 0.2975352112676056 0.030208333333333334 0.15140845070422534
1 0.6046875 0.1473004694835681 0.027083333333333334 0.12323943661971831
1 0.55 0.13732394366197184 0.026041666666666668 0.13145539906103287
1 0.62265625 0.08568075117370892 0.0203125 0.11737089201877934
0 0.8765625 0.32629107981220656 0.017708333333333333 0.1572769953051643
0 0.9572916666666667 0.5534037558685446 0.03229166666666666 0.1960093896713615
0 0.8213541666666666 0.2652582159624413 0.019791666666666666 0.15258215962441316
2 0.290625 0.3034037558685446 0.10208333333333333 0.1936619718309859
2 0.047135416666666666 0.3591549295774648 0.09427083333333333 0.22300469483568075
2 0.22083333333333333 0.04284037558685446 0.058333333333333334 0.08568075117370892
3 0.4375 0.5387323943661972 0.26666666666666666 0.636150234741784
