1 0.5416666666666666 0.05516431924882629 0.022916666666666665 0.10328638497652583
1 0.5708333333333333 0.09683098591549295 0.025 0.12089201877934272
1 0.628125 0.1772300469483568 0.029166666666666667 0.14084507042253522
1 0.603125 0.2482394366197183 0.03229166666666666 0.15375586854460094
1 0.6791666666666667 0.568075117370892 0.04791666666666666 0.2511737089201878
1 0.8630208333333333 0.4994131455399061 0.028125 0.21009389671361503
0 0.7940104166666666 0.3873239436619718 0.022395833333333334 0.17605633802816903
0 0.8270833333333333 0.3949530516431925 0.025 0.18427230046948356
0 0.9598958333333333 0.45774647887323944 0.030208333333333334 0.22065727699530516
0 0.9020833333333333 0.38438967136150237 0.022916666666666665 0.19131455399061034
0 0.8723958333333334 0.3163145539906103 0.025 0.15610328638497653
0 0.8109375 0.16666666666666666 0.019791666666666666 0.1267605633802817
2 0.13880208333333333 0.2007042253521127 0.0828125 0.1596244131455399
2 0.7078125 0.0534037558685446 0.06666666666666667 0.1068075117370892
4 0.35234375 0.16549295774647887 0.13489583333333333 0.33098591549295775
