1 0.7401041666666667 0.25997652582159625 0.029166666666666667 0.14906103286384978
1 0.7528645833333333 0.5316901408450704 0.044270833333333336 0.19014084507042253
1 0.8481770833333333 0.8609154929577465 0.057812499999999996 0.27582159624413144
1 0.8643229166666666 0.4953051643192488 0.0296875 0.20422535211267606
1 0.8354166666666667 0.38967136150234744 0.03229166666666666 0.18544600938967137
1 0.5690104166666666 0.04753521126760563 0.019270833333333334 0.09507042253521127
0 0.9296875 0.4823943661971831 0.030208333333333334 0.19953051643192488
0 0.8153645833333333 0.20598591549295775 0.024479166666666666 0.1396713615023474
0 0.79375 0.1942488262910798 0.01875 0.13497652582159625
0 0.9020833333333333 0.25 0.026041666666666668 0.15023474178403756
0 0.8713541666666667 0.3221830985915493 0.019791666666666666 0.18427230046948356
4 0.14453125 0.3996478873239437 0.2598958333333333 0.7711267605633803
3 0.59921875 0.29694835680751175 0.22239583333333332 0.4647887323943662
