1 0.5552083333333333 0.04753521126760563 0.026041666666666668 0.09507042253521127
1 0.60703125 0.0698356807511737 0.019270833333333334 0.11384976525821597
1 0.5979166666666667 0.13497652582159625 0.020833333333333332 0.11737089201877934
1 0.5296875 0.14612676056338028 0.030208333333333334 0.10446009389671362
1 0.53125 0.21009389671361503 0.026041666666666668 0.12910798122065728
1 0.58125 0.18955399061032865 0.021875 0.11150234741784038
1 0.553125 0.27523474178403756 0.03229166666666666 0.13497652582159625
1 0.6231770833333333 0.23826291079812206 0.0359375 0.14553990610328638
1 0.59765625 0.28110328638497656 0.022395833333333334 0.1255868544600939
1 0.5828125 0.34976525821596244 0.03333333333333333 0.1643192488262911
1 0.6518229166666667 0.34507042253521125 0.0328125 0.18544600938967137
1 0.6236979166666666 0.41431924882629106 0.030729166666666665 0.1619718309859155
1 0.64296875 0.49882629107981225 0.0328125 0.18309859154929578
1 0.86484375 0.49765258215962443 0.03802083333333333 0.2112676056338028
1 0.7177083333333333 0.7147887323943662 0.04583333333333333 0.255868544600939
1 0.7549479166666666 0.8644366197183099 0.0484375 0.2687793427230047
0 0.7630208333333334 0.24002347417840375 0.029166666666666667 0.1396713615023474
0 0.9619791666666666 0.5363849765258216 0.03854166666666667 0.20892018779342725
0 0.8203125 0.3198356807511737 0.026041666666666668 0.16314553990610328
0 0.8645833333333334 0.30927230046948356 0.02395833333333333 0.15610328638497653
0 0.9002604166666667 0.25234741784037557 0.025520833333333333 0.1619718309859155
0 0.7942708333333334 0.18955399061032865 0.025 0.142018779342723
0 0.7815104166666667 0.11443661971830986 0.01614583333333333 0.13028169014084506
4 0.2557291666666667 0.17546948356807512 0.13645833333333332 0.35093896713615025
3 0.42343749999999997 0.40316901408450706 0.159375 0.4284037558685446
3 0.6903645833333333 0.13321596244131456 0.1140625 0.2664319248826291
