2 0.09479166666666666 0.25528169014084506 0.10625 0.21244131455399062
2 0.16901041666666666 0.12441314553990611 0.07447916666666667 0.12910798122065728
1 0.6278645833333333 0.6995305164319249 0.049479166666666664 0.24647887323943662
1 0.63046875 0.4665492957746479 0.033854166666666664 0.1960093896713615
1 0.665625 0.4442488262910798 0.034375 0.18427230046948356
1 0.6778645833333333 0.3403755868544601 0.033854166666666664 0.16666666666666666
1 0.5768229166666666 0.4014084507042254 0.04010416666666666 0.18779342723004694
1 0.6075520833333333 0.27582159624413144 0.030729166666666665 0.1643192488262911
1 0.8651041666666667 0.5041079812206573 0.036458333333333336 0.18427230046948356
1 0.8502604166666666 0.3609154929577465 0.030729166666666665 0.16314553990610328
1 0.5997395833333333 0.07805164319248827 0.025520833333333333 0.11150234741784038
0 0.9171874999999999 0.3620892018779343 0.027083333333333334 0.1795774647887324
0 0.7794270833333333 0.16784037558685447 0.0234375 0.13615023474178403
0 0.7984375 0.17194835680751175 0.014583333333333334 0.13732394366197184
