1 0.5802083333333333 0.488849765258216 0.04375 0.21713615023474178
1 0.6880208333333333 0.5176056338028169 0.042708333333333334 0.23004694835680753
1 0.66484375 0.3873239436619718 0.03697916666666667 0.17605633802816903
1 0.6552083333333333 0.29225352112676056 0.035416666666666666 0.1619718309859155
1 0.86328125 0.5005868544600939 0.04114583333333333 0.20539906103286384
1 0.8513020833333333 0.36326291079812206 0.034895833333333334 0.16784037558685447
1 0.5713541666666666 0.12441314553990611 0.02395833333333333 0.12441314553990611
1 0.5924479166666666 0.07629107981220658 0.024479166666666666 0.11502347417840376
1 0.6270833333333333 0.056338028169014086 0.020833333333333332 0.11032863849765258
2 0.40989583333333335 0.1625586854460094 0.10416666666666667 0.3251173708920188
4 0.2591145833333333 0.20246478873239437 0.16302083333333334 0.40492957746478875
0 0.7791666666666667 0.1625586854460094 0.020833333333333332 0.13497652582159625
0 0.9177083333333333 0.3626760563380282 0.028125 0.1807511737089202
