2 0.12890625 0.15492957746478875 0.0828125 0.19483568075117372
4 0.23671875 0.21244131455399062 0.1703125 0.42488262910798125
1 0.65390625 0.7711267605633803 0.057812499999999996 0.3028169014084507
1 0.6854166666666667 0.5093896713615024 0.05416666666666667 0.23943661971830987
1 0.6338541666666666 0.40610328638497656 0.034375 0.18779342723004694
1 0.57890625 0.3732394366197183 0.0515625 0.19483568075117372
1 0.865625 0.5011737089201878 0.03958333333333333 0.20657276995305165
1 0.85390625 0.3615023474178404 0.0453125 0.1784037558685446
1 0.6033854166666667 0.1402582159624413 0.025520833333333333 0.13497652582159625
1 0.5325520833333334 0.09800469483568075 0.024479166666666666 0.12089201877934272
1 0.6143229166666666 0.07511737089201878 0.0203125 0.11737089201877934
0 0.9171874999999999 0.3626760563380282 0.027083333333333334 0.18544600938967137
0 0.7768229166666667 0.1613849765258216 0.028645833333333332 0.1443661971830986
