4 0.13359375 0.4166666666666667 0.2661458333333333 0.7136150234741784
1 0.61484375 0.7306338028169014 0.049479166666666664 0.2875586854460094
1 0.6799479166666667 0.7470657276995305 0.0546875 0.29225352112676056
1 0.7830729166666667 0.8826291079812206 0.07239583333333333 0.2323943661971831
1 0.5489583333333333 0.26115023474178406 0.03958333333333333 0.17253521126760563
1 0.6479166666666667 0.2946009389671362 0.034375 0.17605633802816903
1 0.6260416666666666 0.24178403755868544 0.030208333333333334 0.1596244131455399
1 0.5674479166666666 0.0545774647887324 0.022395833333333334 0.1091549295774648
1 0.8606770833333334 0.5052816901408451 0.0359375 0.20774647887323944
1 0.8481770833333333 0.36619718309859156 0.033854166666666664 0.17370892018779344
0 0.7796875 0.1643192488262911 0.017708333333333333 0.14084507042253522
0 0.9151041666666666 0.36619718309859156 0.03125 0.17370892018779344
