1 0.6356770833333333 0.5903755868544601 0.04635416666666667 0.2347417840375587
1 0.6630208333333333 0.392018779342723 0.042708333333333334 0.19953051643192488
1 0.6234375 0.31690140845070425 0.03229166666666666 0.1807511737089202
1 0.5747395833333333 0.2805164319248826 0.04114583333333333 0.1619718309859155
1 0.5880208333333333 0.0903755868544601 0.022916666666666665 0.107981220657277
1 0.534375 0.05868544600938967 0.03125 0.11737089201877934
1 0.8669270833333333 0.4994131455399061 0.043229166666666666 0.18661971830985916
1 0.8502604166666666 0.3573943661971831 0.030729166666666665 0.17018779342723006
0 0.9153645833333334 0.3720657276995305 0.0328125 0.20187793427230047
0 0.8661458333333333 0.2916666666666667 0.026041666666666668 0.15845070422535212
0 0.7825520833333334 0.16314553990610328 0.025520833333333333 0.13615023474178403
0 0.8067708333333333 0.18016431924882628 0.026041666666666668 0.1255868544600939
4 0.24192708333333332 0.7928403755868545 0.28489583333333335 0.4119718309859155
4 0.2682291666666667 0.17136150234741784 0.140625 0.3427230046948357
2 0.17630208333333333 0.09330985915492958 0.07552083333333333 0.18427230046948356
