1 0.725 0.6983568075117371 0.05520833333333333 0.26760563380281693
1 0.6901041666666666 0.5 0.041666666666666664 0.215962441314554
1 0.5752604166666666 0.2623239436619718 0.03177083333333333 0.16079812206572772
1 0.6119791666666666 0.1766431924882629 0.027083333333333334 0.13497652582159625
1 0.6377604166666666 0.13849765258215962 0.0265625 0.13849765258215962
1 0.5565104166666667 0.11502347417840376 0.028645833333333332 0.13380281690140847
1 0.5888020833333333 0.07511737089201878 0.019270833333333334 0.10328638497652583
1 0.57734375 0.1766431924882629 0.022395833333333334 0.1068075117370892
1 0.8651041666666667 0.5011737089201878 0.03958333333333333 0.16901408450704225
1 0.85 0.3544600938967136 0.0375 0.14788732394366197
2 0.3770833333333333 0.3362676056338028 0.14583333333333334 0.4471830985915493
4 0.17161458333333332 0.3562206572769953 0.22864583333333333 0.6772300469483569
0 0.91640625 0.363849765258216 0.025520833333333333 0.18309859154929578
0 0.7791666666666667 0.1637323943661972 0.020833333333333332 0.1443661971830986
