1 0.6015625 0.6860328638497653 0.057291666666666664 0.2640845070422535
1 0.71875 0.7018779342723005 0.04895833333333333 0.27230046948356806
1 0.6950520833333333 0.5134976525821596 0.0390625 0.20305164319248828
1 0.66953125 0.3744131455399061 0.0359375 0.18779342723004694
1 0.8635416666666667 0.4970657276995305 0.040625 0.1983568075117371
1 0.8505208333333333 0.3609154929577465 0.03854166666666667 0.15610328638497653
1 0.5731770833333333 0.18603286384976525 0.024479166666666666 0.1396713615023474
1 0.5994791666666667 0.1238262910798122 0.02395833333333333 0.13028169014084506
1 0.6315104166666666 0.09683098591549295 0.022395833333333334 0.12089201877934272
1 0.5520833333333334 0.06338028169014084 0.02395833333333333 0.11971830985915494
1 0.5830729166666666 0.040492957746478875 0.0203125 0.08098591549295775
2 0.39557291666666666 0.21713615023474178 0.11927083333333333 0.3685446009389671
4 0.21927083333333333 0.25997652582159625 0.20208333333333334 0.5199530516431925
0 0.91640625 0.3626760563380282 0.0328125 0.1807511737089202
0 0.7796875 0.16490610328638497 0.021875 0.1396713615023474
