1 0.7494791666666667 0.7564553990610329 0.04791666666666666 0.2664319248826291
1 0.6708333333333333 0.8098591549295775 0.04791666666666666 0.2652582159624413
1 0.6947916666666667 0.5234741784037559 0.040625 0.20892018779342725
1 0.5598958333333334 0.3268779342723005 0.029166666666666667 0.16784037558685447
1 0.6565104166666667 0.29988262910798125 0.03177083333333333 0.16549295774647887
1 0.6192708333333333 0.2347417840375587 0.03229166666666666 0.15023474178403756
1 0.5830729166666666 0.2705399061032864 0.03177083333333333 0.15140845070422534
1 0.528125 0.2306338028169014 0.030208333333333334 0.1467136150234742
1 0.5666666666666667 0.13791079812206572 0.028125 0.13028169014084506
1 0.8614583333333333 0.5052816901408451 0.040625 0.2007042253521127
1 0.8497395833333333 0.3585680751173709 0.03177083333333333 0.16784037558685447
0 0.9424479166666666 0.4242957746478873 0.0265625 0.19131455399061034
0 0.9151041666666666 0.3615023474178404 0.025 0.1784037558685446
0 0.7815104166666667 0.16549295774647887 0.0234375 0.13849765258215962
3 0.078125 0.2511737089201878 0.125 0.2746478873239437
4 0.2 0.7007042253521127 0.4 0.5962441314553991
