4 0.3533854166666667 0.4154929577464789 0.1515625 0.43427230046948356
1 0.6205729166666667 0.6320422535211268 0.0484375 0.24530516431924884
1 0.7768229166666667 0.6543427230046949 0.059895833333333336 0.25234741784037557
1 0.615625 0.34683098591549294 0.029166666666666667 0.17018779342723006
1 0.634375 0.22535211267605634 0.036458333333333336 0.15492957746478875
1 0.5994791666666667 0.17312206572769953 0.028125 0.1396713615023474
1 0.5638020833333334 0.12852112676056338 0.0265625 0.1396713615023474
1 0.8643229166666666 0.49765258215962443 0.04635416666666667 0.19483568075117372
1 0.85390625 0.3550469483568075 0.034895833333333334 0.1443661971830986
0 0.9151041666666666 0.35211267605633806 0.03229166666666666 0.17136150234741784
0 0.7869791666666667 0.17370892018779344 0.019791666666666666 0.12910798122065728
0 0.8080729166666667 0.15375586854460094 0.021354166666666667 0.11971830985915494
