1 0.8635416666666667 0.49295774647887325 0.03958333333333333 0.19014084507042253
1 0.8494791666666667 0.3609154929577465 0.03229166666666666 0.16314553990610328
1 0.6669270833333333 0.3931924882629108 0.04114583333333333 0.1807511737089202
1 0.5638020833333334 0.3656103286384977 0.030729166666666665 0.1795774647887324
1 0.6479166666666667 0.3022300469483568 0.0375 0.1467136150234742
1 0.5716145833333334 0.08626760563380281 0.0265625 0.1068075117370892
1 0.5885416666666666 0.04988262910798122 0.02395833333333333 0.09976525821596244
0 0.9143229166666667 0.36678403755868544 0.0328125 0.18427230046948356
0 0.7794270833333333 0.1625586854460094 0.0203125 0.13497652582159625
4 0.28046875 0.1467136150234742 0.14114583333333333 0.2934272300469484
4 0.11588541666666667 0.5856807511737089 0.23177083333333334 0.8262910798122066
