1 0.5880208333333333 0.8016431924882629 0.042708333333333334 0.24882629107981222
1 0.56640625 0.6566901408450705 0.04739583333333333 0.22887323943661972
1 0.6276041666666666 0.5393192488262911 0.05 0.2007042253521127
1 0.86328125 0.5023474178403756 0.0390625 0.20657276995305165
1 0.61640625 0.3961267605633803 0.03177083333333333 0.17253521126760563
1 0.5924479166666666 0.2705399061032864 0.024479166666666666 0.1443661971830986
1 0.5440104166666666 0.2312206572769953 0.0265625 0.14553990610328638
1 0.4934895833333333 0.24119718309859156 0.030729166666666665 0.15140845070422534
1 0.6067708333333334 0.10093896713615023 0.019791666666666666 0.11737089201877934
1 0.58671875 0.07042253521126761 0.0203125 0.11502347417840376
1 0.5372395833333333 0.0698356807511737 0.025520833333333333 0.1068075117370892
0 0.7994791666666666 0.15786384976525822 0.019791666666666666 0.13497652582159625
0 0.865625 0.31514084507042256 0.021875 0.15375586854460094
0 0.8908854166666667 0.3380281690140845 0.028645833333333332 0.15492957746478875
4 0.3169270833333333 0.3544600938967136 0.16614583333333333 0.7089201877934272
2 0.73515625 0.4014084507042254 0.09322916666666667 0.2535211267605634
3 0.6901041666666666 0.13262910798122066 0.11770833333333333 0.2652582159624413
