1 0.5966145833333333 0.522887323943662 0.043229166666666666 0.22652582159624413
1 0.65546875 0.5528169014084507 0.0421875 0.23943661971830987
1 0.7278645833333334 0.6825117370892019 0.0671875 0.25704225352112675
1 0.8624999999999999 0.5041079812206573 0.034375 0.20305164319248828
1 0.85234375 0.36619718309859156 0.034895833333333334 0.1619718309859155
1 0.6244791666666667 0.2147887323943662 0.030208333333333334 0.15023474178403756
1 0.540625 0.1619718309859155 0.03229166666666666 0.15258215962441316
0 0.9192708333333334 0.3656103286384977 0.025 0.18661971830985916
0 0.7783854166666666 0.16607981220657278 0.022395833333333334 0.13497652582159625
0 0.8630208333333333 0.28931924882629106 0.025 0.1443661971830986
0 0.80078125 0.17429577464788734 0.0234375 0.13262910798122066
4 0.19244791666666666 0.27992957746478875 0.2046875 0.5481220657276995
2 0.06145833333333333 0.2535211267605634 0.09166666666666666 0.2535211267605634
