4 0.31328125 0.6120892018779343 0.20572916666666666 0.5575117370892019
4 0.2890625 0.1279342723004695 0.12604166666666666 0.255868544600939
1 0.6494791666666666 0.8538732394366197 0.05625 0.2805164319248826
1 0.8138020833333334 0.8368544600938967 0.07447916666666667 0.3004694835680751
1 0.62109375 0.4536384976525822 0.043229166666666666 0.1960093896713615
1 0.6416666666666666 0.3028169014084507 0.034375 0.1784037558685446
1 0.6109375 0.23650234741784038 0.036458333333333336 0.15610328638497653
1 0.5682291666666667 0.1942488262910798 0.028125 0.142018779342723
1 0.8658854166666666 0.49882629107981225 0.0359375 0.19248826291079812
1 0.84921875 0.3568075117370892 0.03177083333333333 0.1596244131455399
1 0.5682291666666667 0.0534037558685446 0.026041666666666668 0.1068075117370892
0 0.9169270833333333 0.3615023474178404 0.033854166666666664 0.1643192488262911
0 0.784375 0.16960093896713616 0.022916666666666665 0.1396713615023474
