1 0.5921875 0.5821596244131455 0.05416666666666667 0.24178403755868544
1 0.7877604166666666 0.8116197183098591 0.06197916666666667 0.2992957746478873
1 0.8619791666666666 0.4953051643192488 0.041666666666666664 0.20187793427230047
1 0.853125 0.3656103286384977 0.03958333333333333 0.15610328638497653
1 0.6111979166666667 0.29636150234741787 0.03177083333333333 0.16549295774647887
1 0.6635416666666667 0.2335680751173709 0.03229166666666666 0.1619718309859155
1 0.6380208333333334 0.09507042253521127 0.029166666666666667 0.11971830985915494
1 0.559375 0.07863849765258216 0.026041666666666668 0.11971830985915494
0 0.9361979166666666 0.8174882629107981 0.03697916666666667 0.26173708920187794
0 0.9825520833333333 0.5827464788732395 0.033854166666666664 0.2359154929577465
0 0.9158854166666667 0.36971830985915494 0.0296875 0.19014084507042253
