1 0.6901041666666666 0.7036384976525821 0.05520833333333333 0.29694835680751175
1 0.7190104166666667 0.4630281690140845 0.04010416666666666 0.20539906103286384
1 0.6778645833333333 0.2605633802816901 0.043229166666666666 0.1572769953051643
1 0.5817708333333333 0.28462441314553993 0.041666666666666664 0.1443661971830986
1 0.5794270833333334 0.18309859154929578 0.025520833333333333 0.12206572769953052
1 0.5872395833333334 0.0892018779342723 0.0203125 0.11737089201877934
1 0.8643229166666666 0.49295774647887325 0.0421875 0.19014084507042253
1 0.8541666666666666 0.3544600938967136 0.0375 0.15023474178403756
1 0.6036458333333333 0.045774647887323945 0.021875 0.09154929577464789
4 0.42161458333333335 0.08333333333333333 0.09010416666666667 0.16666666666666666
0 0.91796875 0.3562206572769953 0.030729166666666665 0.16314553990610328
0 0.9731770833333333 0.8785211267605634 0.05260416666666667 0.24061032863849766
0 0.7942708333333334 0.13321596244131456 0.022916666666666665 0.10446009389671362
0 0.8276041666666667 0.18955399061032865 0.021875 0.142018779342723
