1 0.5572916666666666 0.3075117370892019 0.03854166666666667 0.1807511737089202
1 0.72421875 0.5052816901408451 0.0421875 0.2147887323943662
1 0.653125 0.13086854460093897 0.02395833333333333 0.13497652582159625
1 0.5859375 0.14788732394366197 0.026041666666666668 0.14084507042253522
1 0.6174479166666667 0.040492957746478875 0.030729166666666665 0.08098591549295775
1 0.8643229166666666 0.49882629107981225 0.03697916666666667 0.20422535211267606
1 0.8536458333333333 0.36326291079812206 0.036458333333333336 0.16549295774647887
0 0.9153645833333334 0.7805164319248826 0.0453125 0.26291079812206575
0 0.9846354166666667 0.5428403755868545 0.0296875 0.24295774647887325
0 0.9135416666666667 0.36971830985915494 0.03125 0.1971830985915493
