1 0.6549479166666666 0.5328638497652582 0.044270833333333336 0.24413145539906103
1 0.7002604166666666 0.3703051643192488 0.03802083333333333 0.18661971830985916
1 0.6653645833333334 0.20305164319248828 0.03177083333333333 0.15258215962441316
1 0.5671875 0.20363849765258216 0.03229166666666666 0.13732394366197184
1 0.8671875 0.49237089201877937 0.035416666666666666 0.1983568075117371
1 0.85234375 0.35211267605633806 0.03802083333333333 0.15492957746478875
1 0.5822916666666667 0.051643192488262914 0.019791666666666666 0.10328638497652583
0 0.9872395833333333 0.619131455399061 0.024479166666666666 0.2664319248826291
0 0.9609375 0.8667840375586855 0.05625 0.2640845070422535
0 0.9174479166666667 0.3656103286384977 0.027604166666666666 0.18896713615023475
0 0.796875 0.13791079812206572 0.02395833333333333 0.12323943661971831
