1 0.6216145833333333 0.8122065727699531 0.06302083333333333 0.3145539906103286
1 0.6330729166666667 0.38967136150234744 0.03697916666666667 0.1807511737089202
1 0.6765625 0.29107981220657275 0.03958333333333333 0.1596244131455399
1 0.6505208333333333 0.1431924882629108 0.028125 0.13615023474178403
1 0.56171875 0.13615023474178403 0.0296875 0.11737089201877934
1 0.86328125 0.5052816901408451 0.0359375 0.20774647887323944
1 0.8473958333333333 0.3585680751173709 0.03229166666666666 0.15140845070422534
0 0.95078125 0.8438967136150235 0.050520833333333334 0.28169014084507044
0 0.9822916666666667 0.6032863849765259 0.034375 0.24647887323943662
0 0.9153645833333334 0.3609154929577465 0.028645833333333332 0.1795774647887324
