1 0.56875 0.4125586854460094 0.040625 0.1960093896713615
1 0.7528645833333333 0.6285211267605634 0.0515625 0.2476525821596244
0 0.9234375 0.7969483568075117 0.04375 0.2652582159624413
0 0.98515625 0.5633802816901409 0.028645833333333332 0.23004694835680753
0 0.9161458333333333 0.3591549295774648 0.021875 0.17605633802816903
1 0.8630208333333333 0.4982394366197183 0.036458333333333336 0.1936619718309859
1 0.853125 0.36326291079812206 0.036458333333333336 0.15140845070422534
1 0.5979166666666667 0.21889671361502347 0.034375 0.1396713615023474
1 0.6588541666666666 0.17018779342723006 0.027083333333333334 0.14084507042253522
1 0.6255208333333333 0.06631455399061033 0.02395833333333333 0.11150234741784038
1 0.5565104166666667 0.04342723004694836 0.028645833333333332 0.08685446009389672
