1 0.5942708333333333 0.7987089201877935 0.058333333333333334 0.26173708920187794
1 0.65078125 0.7142018779342724 0.05260416666666667 0.2664319248826291
1 0.79765625 0.784037558685446 0.057812499999999996 0.2746478873239437
1 0.7046875 0.39906103286384975 0.040625 0.1784037558685446
1 0.8614583333333333 0.5035211267605634 0.04375 0.20422535211267606
1 0.8520833333333333 0.36737089201877937 0.041666666666666664 0.15023474178403756
1 0.5463541666666667 0.20950704225352113 0.030208333333333334 0.142018779342723
1 0.5783854166666667 0.09624413145539906 0.024479166666666666 0.13849765258215962
1 0.6473958333333333 0.09389671361502347 0.026041666666666668 0.1267605633802817
0 0.91015625 0.7470657276995305 0.050520833333333334 0.2476525821596244
0 0.98671875 0.5275821596244131 0.025520833333333333 0.24530516431924884
