0 0.80703125 0.1795774647887324 0.019270833333333334 0.1431924882629108
0 0.7932291666666667 0.1449530516431925 0.020833333333333332 0.11619718309859155
0 0.9166666666666666 0.36502347417840375 0.034375 0.17605633802816903
1 0.77734375 0.710093896713615 0.05677083333333333 0.25821596244131456
1 0.86015625 0.5035211267605634 0.03697916666666667 0.20422535211267606
1 0.6213541666666667 0.511150234741784 0.046875 0.21009389671361503
1 0.7072916666666667 0.42077464788732394 0.04375 0.1983568075117371
1 0.8502604166666666 0.3585680751173709 0.03697916666666667 0.15140845070422534
1 0.5901041666666667 0.3685446009389671 0.0375 0.19248826291079812
1 0.6018229166666667 0.1965962441314554 0.033854166666666664 0.13732394366197184
1 0.6205729166666667 0.11678403755868545 0.0328125 0.1255868544600939
1 0.5848958333333333 0.07570422535211267 0.02395833333333333 0.09507042253521127
1 0.5606770833333333 0.04753521126760563 0.021354166666666667 0.09507042253521127
4 0.4015625 0.1772300469483568 0.11041666666666666 0.3028169014084507
