4 0.4119791666666667 0.11971830985915494 0.090625 0.23943661971830987
1 0.6002604166666666 0.38497652582159625 0.044270833333333336 0.1807511737089202
1 0.68671875 0.3362676056338028 0.0484375 0.1960093896713615
1 0.7471354166666666 0.5604460093896714 0.0453125 0.2147887323943662
1 0.7380208333333333 0.8738262910798122 0.057291666666666664 0.25
1 0.8640625 0.4982394366197183 0.051041666666666666 0.21244131455399062
1 0.8513020833333333 0.3597417840375587 0.04114583333333333 0.15845070422535212
1 0.5828125 0.25528169014084506 0.03958333333333333 0.1467136150234742
1 0.59375 0.13791079812206572 0.027083333333333334 0.12323943661971831
1 0.6109375 0.0710093896713615 0.03125 0.12089201877934272
1 0.5783854166666667 0.045774647887323945 0.024479166666666666 0.09154929577464789
0 0.9192708333333334 0.36913145539906106 0.028125 0.1936619718309859
0 0.8190104166666666 0.18661971830985916 0.0234375 0.13849765258215962
0 0.7908854166666667 0.1396713615023474 0.024479166666666666 0.11502347417840376
