4 0.2625 0.6120892018779343 0.31979166666666664 0.7734741784037559
3 0.13932291666666666 0.1426056338028169 0.1015625 0.22183098591549297
2 0.14609375 0.45892018779342725 0.11614583333333334 0.23943661971830987
1 0.6369791666666667 0.5915492957746479 0.04895833333333333 0.2323943661971831
1 0.7158854166666666 0.590962441314554 0.0421875 0.2546948356807512
1 0.6747395833333333 0.3967136150234742 0.0390625 0.1784037558685446
1 0.6447916666666667 0.23004694835680753 0.029166666666666667 0.1596244131455399
1 0.6143229166666666 0.1766431924882629 0.0359375 0.13497652582159625
1 0.5700520833333333 0.1977699530516432 0.0265625 0.1443661971830986
1 0.5440104166666666 0.232981220657277 0.0265625 0.16549295774647887
1 0.52578125 0.142018779342723 0.025520833333333333 0.12910798122065728
1 0.56171875 0.08215962441314555 0.0234375 0.11737089201877934
1 0.8624999999999999 0.49413145539906106 0.034375 0.18544600938967137
1 0.84921875 0.36326291079812206 0.0359375 0.15610328638497653
0 0.9466145833333334 0.42488262910798125 0.030729166666666665 0.19014084507042253
0 0.9151041666666666 0.3591549295774648 0.02395833333333333 0.1784037558685446
0 0.77890625 0.1637323943661972 0.019270833333333334 0.13497652582159625
