1 0.6052083333333333 0.4647887323943662 0.05 0.19248826291079812
1 0.73671875 0.522887323943662 0.04739583333333333 0.21713615023474178
1 0.6580729166666667 0.6907276995305165 0.06927083333333334 0.2734741784037559
1 0.8203125 0.8644366197183099 0.07083333333333333 0.24530516431924884
1 0.8677083333333333 0.5023474178403756 0.03958333333333333 0.19483568075117372
1 0.8510416666666667 0.3544600938967136 0.035416666666666666 0.16901408450704225
1 0.6052083333333333 0.25997652582159625 0.028125 0.15140845070422534
1 0.6278645833333333 0.16607981220657278 0.030729166666666665 0.1396713615023474
1 0.59375 0.107981220657277 0.022916666666666665 0.12441314553990611
1 0.5596354166666666 0.07863849765258216 0.0328125 0.12910798122065728
4 0.38567708333333334 0.26467136150234744 0.12552083333333333 0.3485915492957747
0 0.9143229166666667 0.36326291079812206 0.033854166666666664 0.17488262910798122
0 0.7955729166666666 0.1813380281690141 0.0296875 0.1255868544600939
