1 0.63828125 0.06631455399061033 0.022395833333333334 0.09976525821596244
1 0.6359375 0.15316901408450703 0.030208333333333334 0.1279342723004695
1 0.5848958333333333 0.1473004694835681 0.027083333333333334 0.13028169014084506
1 0.5255208333333333 0.12617370892018778 0.029166666666666667 0.1255868544600939
1 0.5565104166666667 0.23415492957746478 0.0328125 0.13732394366197184
1 0.6065104166666666 0.2136150234741784 0.0328125 0.13145539906103287
1 0.5755208333333334 0.4301643192488263 0.042708333333333334 0.1936619718309859
1 0.6450520833333333 0.3714788732394366 0.04010416666666666 0.1772300469483568
1 0.6888020833333334 0.3374413145539906 0.03177083333333333 0.17253521126760563
1 0.7096354166666666 0.5129107981220657 0.04635416666666667 0.2112676056338028
1 0.6791666666666667 0.6889671361502347 0.052083333333333336 0.255868544600939
1 0.59453125 0.6654929577464789 0.05572916666666666 0.23708920187793428
1 0.8122395833333333 0.7523474178403756 0.0453125 0.24882629107981222
1 0.8502604166666666 0.3626760563380282 0.0328125 0.1572769953051643
0 0.8708333333333333 0.6244131455399061 0.040625 0.23004694835680753
0 0.94921875 0.4313380281690141 0.03177083333333333 0.20539906103286384
0 0.9130208333333333 0.35269953051643194 0.03125 0.17018779342723006
0 0.77265625 0.08509389671361503 0.0203125 0.13497652582159625
2 0.3424479166666667 0.45305164319248825 0.18072916666666666 0.5539906103286385
4 0.3046875 0.10446009389671362 0.12395833333333334 0.20892018779342725
3 0.18385416666666665 0.0897887323943662 0.10729166666666666 0.1795774647887324
