1 0.53828125 0.09741784037558686 0.018229166666666668 0.11032863849765258
1 0.5731770833333333 0.06279342723004695 0.0234375 0.11619718309859155
1 0.5940104166666667 0.11443661971830986 0.021354166666666667 0.11150234741784038
1 0.6216145833333333 0.06631455399061033 0.021354166666666667 0.09976525821596244
1 0.6083333333333333 0.20481220657276997 0.03229166666666666 0.1396713615023474
1 0.5578125 0.2177230046948357 0.0375 0.13497652582159625
1 0.5653645833333333 0.3685446009389671 0.033854166666666664 0.16666666666666666
1 0.6606770833333333 0.2916666666666667 0.028645833333333332 0.15845070422535212
1 0.6377604166666666 0.3984741784037559 0.03697916666666667 0.18427230046948356
1 0.73984375 0.4735915492957747 0.0421875 0.18896713615023475
1 0.6885416666666666 0.5856807511737089 0.035416666666666666 0.23004694835680753
1 0.6557291666666667 0.7130281690140845 0.04583333333333333 0.26173708920187794
1 0.8651041666666667 0.5005868544600939 0.03229166666666666 0.2007042253521127
1 0.8518229166666667 0.3562206572769953 0.033854166666666664 0.15140845070422534
0 0.8427083333333333 0.573943661971831 0.03229166666666666 0.2183098591549296
0 0.9299479166666667 0.4166666666666667 0.0296875 0.19014084507042253
0 0.9119791666666667 0.36032863849765256 0.026041666666666668 0.17605633802816903
4 0.11614583333333334 0.5352112676056339 0.23229166666666667 0.9272300469483569
2 0.39010416666666664 0.17429577464788734 0.12291666666666666 0.3485915492957747
