1 0.5255208333333333 0.19190140845070422 0.034375 0.1279342723004695
1 0.5927083333333333 0.20363849765258216 0.03125 0.13497652582159625
1 0.6455729166666666 0.09976525821596244 0.030729166666666665 0.107981220657277
1 0.6497395833333334 0.20539906103286384 0.03697916666666667 0.14084507042253522
1 0.6158854166666666 0.2764084507042254 0.033854166666666664 0.15375586854460094
1 0.5703125 0.31514084507042256 0.034375 0.1443661971830986
1 0.67265625 0.4800469483568075 0.043229166666666666 0.20422535211267606
1 0.7119791666666666 0.4254694835680751 0.0375 0.18427230046948356
1 0.5963541666666666 0.5780516431924883 0.04375 0.20539906103286384
1 0.6145833333333334 0.8814553990610329 0.07708333333333334 0.2347417840375587
1 0.7096354166666666 0.8726525821596244 0.0640625 0.25234741784037557
1 0.7408854166666666 0.6643192488262911 0.043229166666666666 0.24413145539906103
1 0.8645833333333334 0.4935446009389671 0.0375 0.1983568075117371
1 0.8557291666666667 0.3615023474178404 0.03854166666666667 0.1643192488262911
0 0.9143229166666667 0.34917840375586856 0.028645833333333332 0.15845070422535212
0 0.9526041666666667 0.44072769953051644 0.034375 0.21009389671361503
0 0.8846354166666667 0.6408450704225352 0.04635416666666667 0.2183098591549296
0 0.7723958333333333 0.08098591549295775 0.01875 0.11971830985915494
4 0.27630208333333334 0.16549295774647887 0.13177083333333334 0.33098591549295775
3 0.12708333333333333 0.1437793427230047 0.13125 0.2875586854460094
2 0.303125 0.664906103286385 0.234375 0.6678403755868545
