1 0.5533854166666666 0.4841549295774648 0.050520833333333334 0.21244131455399062
1 0.6125 0.4413145539906103 0.05416666666666667 0.2112676056338028
1 0.65078125 0.767018779342723 0.0515625 0.2546948356807512
1 0.8231770833333333 0.8309859154929577 0.05572916666666666 0.2511737089201878
1 0.6838541666666667 0.5762910798122066 0.042708333333333334 0.23004694835680753
1 0.7161458333333334 0.47124413145539906 0.04583333333333333 0.18661971830985916
1 0.67109375 0.2640845070422535 0.0359375 0.15023474178403756
1 0.5325520833333334 0.08568075117370892 0.028645833333333332 0.11971830985915494
1 0.8638020833333333 0.49765258215962443 0.044270833333333336 0.1807511737089202
1 0.8533854166666667 0.37265258215962443 0.04114583333333333 0.15610328638497653
0 0.9080729166666667 0.710680751173709 0.04114583333333333 0.2546948356807512
0 0.97421875 0.5029342723004695 0.04114583333333333 0.22887323943661972
0 0.9151041666666666 0.3585680751173709 0.025 0.1772300469483568
0 0.7856770833333333 0.09917840375586855 0.022395833333333334 0.1279342723004695
4 0.12213541666666666 0.6578638497652582 0.24427083333333333 0.681924882629108
