1 0.5236979166666667 0.27406103286384975 0.0421875 0.15845070422535212
1 0.5861979166666667 0.43603286384976525 0.0421875 0.21009389671361503
1 0.625 0.8057511737089202 0.053125 0.27582159624413144
1 0.70546875 0.6273474178403756 0.05364583333333333 0.25
1 0.7421875 0.539906103286385 0.0375 0.20422535211267606
1 0.7856770833333333 0.8726525821596244 0.06614583333333333 0.25234741784037557
1 0.6302083333333334 0.3644366197183099 0.0375 0.18427230046948356
1 0.6627604166666666 0.2822769953051643 0.03697916666666667 0.15610328638497653
1 0.60078125 0.2658450704225352 0.028645833333333332 0.16079812206572772
1 0.6518229166666667 0.15023474178403756 0.025520833333333333 0.1267605633802817
1 0.8640625 0.4964788732394366 0.04895833333333333 0.19014084507042253
1 0.8520833333333333 0.36502347417840375 0.03125 0.15258215962441316
0 0.9625 0.47593896713615025 0.03333333333333333 0.22183098591549297
0 0.8911458333333333 0.6613849765258216 0.040625 0.22887323943661972
0 0.7697916666666667 0.09683098591549295 0.01875 0.13732394366197184
0 0.9200520833333333 0.3656103286384977 0.0296875 0.18896713615023475
4 0.23984375 0.2652582159624413 0.16822916666666665 0.4460093896713615
3 0.06588541666666667 0.25 0.13177083333333334 0.3943661971830986
