1 0.5330729166666667 0.04929577464788733 0.018229166666666668 0.09859154929577466
1 0.590625 0.06455399061032864 0.022916666666666665 0.08685446009389672
1 0.6130208333333333 0.04107981220657277 0.027083333333333334 0.08215962441314555
1 0.65703125 0.15316901408450703 0.0234375 0.11619718309859155
1 0.6434895833333333 0.20774647887323944 0.030729166666666665 0.1267605633802817
1 0.5989583333333334 0.1443661971830986 0.028125 0.13380281690140847
1 0.5505208333333333 0.15316901408450703 0.025 0.1255868544600939
1 0.55703125 0.2705399061032864 0.028645833333333332 0.15610328638497653
1 0.6213541666666667 0.3004694835680751 0.028125 0.16666666666666666
1 0.7119791666666666 0.3744131455399061 0.030208333333333334 0.17136150234741784
1 0.6565104166666667 0.4325117370892019 0.03802083333333333 0.181924882629108
1 0.6296875 0.5140845070422535 0.03333333333333333 0.1807511737089202
1 0.6388020833333333 0.7705399061032864 0.059895833333333336 0.25704225352112675
1 0.7411458333333333 0.8838028169014085 0.059375 0.23004694835680753
1 0.8645833333333334 0.5041079812206573 0.03333333333333333 0.1983568075117371
1 0.8513020833333333 0.3609154929577465 0.03177083333333333 0.16314553990610328
0 0.9182291666666667 0.4107981220657277 0.03333333333333333 0.1807511737089202
0 0.8338541666666667 0.5592723004694836 0.0375 0.2147887323943662
0 0.7734375 0.06924882629107981 0.019791666666666666 0.12910798122065728
2 0.40651041666666665 0.11326291079812206 0.0953125 0.22652582159624413
4 0.14739583333333334 0.3591549295774648 0.2625 0.7018779342723005
