1 0.5372395833333333 0.3609154929577465 0.03802083333333333 0.17018779342723006
1 0.6057291666666667 0.35211267605633806 0.03854166666666667 0.1971830985915493
1 0.6182291666666666 0.5686619718309859 0.041666666666666664 0.2007042253521127
1 0.65546875 0.45539906103286387 0.04010416666666666 0.18779342723004694
1 0.6848958333333334 0.3562206572769953 0.03958333333333333 0.16314553990610328
1 0.6643229166666667 0.2007042253521127 0.03177083333333333 0.15023474178403756
1 0.5278645833333333 0.04988262910798122 0.03802083333333333 0.09976525821596244
1 0.7497395833333333 0.818075117370892 0.057812499999999996 0.2887323943661972
1 0.7799479166666666 0.6637323943661972 0.04635416666666667 0.2359154929577465
1 0.8609375 0.5005868544600939 0.04479166666666667 0.18896713615023475
1 0.8513020833333333 0.3609154929577465 0.04010416666666666 0.16079812206572772
0 0.7739583333333333 0.09917840375586855 0.021875 0.13497652582159625
0 0.9661458333333334 0.49237089201877937 0.04583333333333333 0.2147887323943662
0 0.8973958333333333 0.6836854460093897 0.046875 0.24061032863849766
0 0.9190104166666666 0.3609154929577465 0.027604166666666666 0.18896713615023475
4 0.17734375 0.43779342723004694 0.21510416666666665 0.5657276995305165
