1 0.57578125 0.636737089201878 0.050520833333333334 0.25234741784037557
1 0.625 0.568075117370892 0.052083333333333336 0.2511737089201878
1 0.7174479166666666 0.7359154929577465 0.05572916666666666 0.24413145539906103
1 0.7552083333333334 0.6132629107981221 0.051041666666666666 0.2147887323943662
1 0.8666666666666667 0.5064553990610329 0.04375 0.20305164319248828
1 0.8552083333333333 0.3644366197183099 0.03229166666666666 0.16314553990610328
1 0.6864583333333333 0.33098591549295775 0.034375 0.17605633802816903
1 0.5338541666666666 0.14964788732394366 0.03333333333333333 0.15375586854460094
1 0.5765625 0.04988262910798122 0.020833333333333332 0.09976525821596244
1 0.6369791666666667 0.06103286384976526 0.029166666666666667 0.12206572769953052
0 0.984375 0.5129107981220657 0.030208333333333334 0.24647887323943662
0 0.9098958333333333 0.7259389671361502 0.042708333333333334 0.24530516431924884
0 0.91640625 0.36971830985915494 0.0265625 0.1971830985915493
0 0.7885416666666667 0.09683098591549295 0.021875 0.13732394366197184
