1 0.6994791666666667 0.6519953051643192 0.04791666666666666 0.2476525821596244
1 0.61015625 0.5686619718309859 0.0421875 0.2147887323943662
1 0.6057291666666667 0.3890845070422535 0.03125 0.16314553990610328
1 0.6317708333333333 0.3315727699530516 0.026041666666666668 0.16549295774647887
1 0.6908854166666667 0.2869718309859155 0.027604166666666666 0.15610328638497653
1 0.8658854166666666 0.4970657276995305 0.030729166666666665 0.181924882629108
1 0.8505208333333333 0.3568075117370892 0.03333333333333333 0.1596244131455399
1 0.6158854166666666 0.22300469483568075 0.0265625 0.14084507042253522
1 0.5567708333333333 0.19483568075117372 0.028125 0.13380281690140847
1 0.54609375 0.09272300469483569 0.021354166666666667 0.11971830985915494
1 0.5908854166666666 0.09213615023474178 0.0234375 0.11384976525821597
1 0.6528645833333333 0.11032863849765258 0.021354166666666667 0.11267605633802817
1 0.62890625 0.14553990610328638 0.024479166666666666 0.12206572769953052
0 0.8247395833333333 0.5381455399061033 0.04010416666666666 0.1936619718309859
0 0.9166666666666666 0.40786384976525825 0.028125 0.1772300469483568
0 0.7747395833333334 0.06572769953051644 0.0203125 0.11971830985915494
4 0.20234375 0.27523474178403756 0.20364583333333333 0.5504694835680751
