1 0.69375 0.47417840375586856 0.041666666666666664 0.1971830985915493
1 0.621875 0.4413145539906103 0.042708333333333334 0.1807511737089202
1 0.6552083333333333 0.30927230046948356 0.03229166666666666 0.1467136150234742
1 0.6307291666666667 0.17312206572769953 0.03125 0.12089201877934272
1 0.60703125 0.12852112676056338 0.024479166666666666 0.1279342723004695
1 0.5635416666666666 0.142018779342723 0.027083333333333334 0.12206572769953052
1 0.5346354166666667 0.15845070422535212 0.027604166666666666 0.12441314553990611
1 0.5221354166666666 0.08450704225352113 0.0265625 0.11737089201877934
1 0.55625 0.045774647887323945 0.02395833333333333 0.09154929577464789
1 0.86328125 0.49882629107981225 0.0390625 0.19483568075117372
1 0.8515625 0.3620892018779343 0.036458333333333336 0.15845070422535212
0 0.9559895833333333 0.43838028169014087 0.03802083333333333 0.20539906103286384
0 0.9153645833333334 0.3626760563380282 0.0328125 0.18544600938967137
0 0.77890625 0.16490610328638497 0.024479166666666666 0.1467136150234742
4 0.3072916666666667 0.5246478873239436 0.24583333333333332 0.7723004694835681
2 0.21328125 0.2904929577464789 0.09114583333333333 0.20305164319248828
2 0.06067708333333333 0.26760563380281693 0.12135416666666667 0.3075117370892019
3 0.1796875 0.08274647887323944 0.08645833333333333 0.16549295774647887
