1 0.5283854166666666 0.0733568075117371 0.024479166666666666 0.11384976525821597
1 0.5768229166666666 0.10328638497652583 0.024479166666666666 0.1267605633802817
1 0.62890625 0.11091549295774648 0.027604166666666666 0.12089201877934272
1 0.5989583333333334 0.1619718309859155 0.029166666666666667 0.12441314553990611
1 0.5466145833333333 0.1602112676056338 0.024479166666666666 0.12323943661971831
1 0.5614583333333333 0.30927230046948356 0.03333333333333333 0.16079812206572772
1 0.6236979166666666 0.27816901408450706 0.03697916666666667 0.1596244131455399
1 0.671875 0.26173708920187794 0.029166666666666667 0.13615023474178403
1 0.6778645833333333 0.3855633802816901 0.03697916666666667 0.1772300469483568
1 0.6518229166666667 0.5193661971830986 0.0453125 0.22652582159624413
1 0.57578125 0.48826291079812206 0.03802083333333333 0.19014084507042253
1 0.7744791666666666 0.5938967136150235 0.042708333333333334 0.2136150234741784
1 0.72734375 0.7775821596244131 0.044270833333333336 0.289906103286385
1 0.6903645833333333 0.9131455399061033 0.06614583333333333 0.17136150234741784
0 0.8619791666666666 0.602112676056338 0.046875 0.20187793427230047
0 0.9393229166666667 0.4131455399061033 0.04114583333333333 0.1971830985915493
0 0.9132812499999999 0.3609154929577465 0.027604166666666666 0.181924882629108
0 0.77421875 0.07922535211267606 0.021354166666666667 0.13028169014084506
2 0.37526041666666665 0.2775821596244131 0.13385416666666666 0.4307511737089202
4 0.0953125 0.5874413145539906 0.190625 0.8227699530516432
