1 0.609375 0.8386150234741784 0.05625 0.3039906103286385
1 0.696875 0.7294600938967136 0.059375 0.2640845070422535
1 0.715625 0.5258215962441315 0.04583333333333333 0.1971830985915493
1 0.66953125 0.38028169014084506 0.04010416666666666 0.17370892018779344
1 0.6182291666666666 0.5927230046948357 0.04583333333333333 0.22535211267605634
1 0.6270833333333333 0.2687793427230047 0.034375 0.1572769953051643
1 0.5606770833333333 0.232981220657277 0.030729166666666665 0.14906103286384978
1 0.5755208333333334 0.1596244131455399 0.030208333333333334 0.12206572769953052
1 0.60078125 0.12030516431924883 0.0203125 0.13262910798122066
1 0.6596354166666667 0.13086854460093897 0.033854166666666664 0.13497652582159625
1 0.8682291666666666 0.5041079812206573 0.041666666666666664 0.20774647887323944
1 0.8520833333333333 0.3656103286384977 0.04583333333333333 0.17253521126760563
1 0.5473958333333333 0.04284037558685446 0.02395833333333333 0.08568075117370892
0 0.80859375 0.5005868544600939 0.04010416666666666 0.20539906103286384
0 0.9138020833333333 0.4084507042253521 0.03177083333333333 0.18779342723004694
0 0.7828125 0.06044600938967136 0.020833333333333332 0.12089201877934272
3 0.06692708333333333 0.23826291079812206 0.1328125 0.32629107981220656
