1 0.6005208333333333 0.4330985915492958 0.03958333333333333 0.18309859154929578
1 0.7065104166666667 0.4272300469483568 0.04010416666666666 0.18309859154929578
1 0.6364583333333333 0.27230046948356806 0.030208333333333334 0.14788732394366197
1 0.64921875 0.16490610328638497 0.0234375 0.12089201877934272
1 0.5940104166666667 0.17312206572769953 0.0296875 0.13028169014084506
1 0.5619791666666667 0.1273474178403756 0.029166666666666667 0.13028169014084506
1 0.5174479166666667 0.12852112676056338 0.0265625 0.13028169014084506
1 0.865625 0.49295774647887325 0.03229166666666666 0.19014084507042253
1 0.8507812499999999 0.3620892018779343 0.03177083333333333 0.15845070422535212
1 0.6111979166666667 0.0733568075117371 0.0203125 0.1091549295774648
0 0.8184895833333333 0.43779342723004694 0.030729166666666665 0.1971830985915493
0 0.9130208333333333 0.4102112676056338 0.03125 0.2007042253521127
4 0.22786458333333334 0.255868544600939 0.19427083333333334 0.511737089201878
