1 0.6216145833333333 0.5586854460093896 0.04114583333333333 0.19483568075117372
1 0.7268229166666667 0.5316901408450704 0.0515625 0.22065727699530516
1 0.6528645833333333 0.36032863849765256 0.04114583333333333 0.18544600938967137
1 0.6041666666666666 0.2323943661971831 0.028125 0.13380281690140847
1 0.6557291666666667 0.2130281690140845 0.03333333333333333 0.1443661971830986
1 0.5690104166666666 0.18427230046948356 0.028645833333333332 0.1431924882629108
1 0.5247395833333334 0.1977699530516432 0.030729166666666665 0.1396713615023474
1 0.615625 0.11091549295774648 0.021875 0.10446009389671362
1 0.59296875 0.058098591549295774 0.019270833333333334 0.1068075117370892
1 0.54453125 0.04518779342723005 0.0234375 0.0903755868544601
0 0.8221354166666667 0.4460093896713615 0.034895833333333334 0.19014084507042253
0 0.9109375 0.4137323943661972 0.026041666666666668 0.1936619718309859
4 0.17135416666666667 0.375 0.2583333333333333 0.7335680751173709
