1 0.5708333333333333 0.5856807511737089 0.04791666666666666 0.23943661971830987
1 0.6622395833333333 0.545774647887324 0.04635416666666667 0.22535211267605634
1 0.7229166666666667 0.835093896713615 0.06354166666666666 0.29694835680751175
1 0.60078125 0.4413145539906103 0.043229166666666666 0.19014084507042253
1 0.6940104166666666 0.42194835680751175 0.034895833333333334 0.1936619718309859
1 0.6484375 0.2805164319248826 0.028125 0.1643192488262911
1 0.6130208333333333 0.19307511737089203 0.03229166666666666 0.1443661971830986
1 0.5536458333333333 0.17312206572769953 0.030208333333333334 0.13262910798122066
1 0.5682291666666667 0.107981220657277 0.021875 0.11737089201877934
1 0.5989583333333334 0.0721830985915493 0.025 0.09741784037558686
1 0.6520833333333333 0.0892018779342723 0.03333333333333333 0.09859154929577466
1 0.8645833333333334 0.49589201877934275 0.042708333333333334 0.1983568075117371
1 0.8541666666666666 0.3656103286384977 0.034375 0.17018779342723006
0 0.8122395833333333 0.47887323943661975 0.04114583333333333 0.1971830985915493
0 0.9140625 0.4072769953051643 0.03333333333333333 0.19953051643192488
0 0.7864583333333334 0.056924882629107984 0.013541666666666667 0.11384976525821597
3 0.12291666666666666 0.13556338028169015 0.11875 0.2546948356807512
