1 0.640625 0.8145539906103286 0.06458333333333333 0.2934272300469484
1 0.746875 0.6742957746478874 0.05520833333333333 0.24061032863849766
1 0.8622395833333333 0.5041079812206573 0.03802083333333333 0.20774647887323944
1 0.8515625 0.35563380281690143 0.036458333333333336 0.15258215962441316
1 0.6885416666666666 0.5211267605633803 0.04583333333333333 0.23004694835680753
1 0.6484375 0.3620892018779343 0.036458333333333336 0.1795774647887324
1 0.5708333333333333 0.3251173708920188 0.04375 0.16901408450704225
1 0.5825520833333333 0.2147887323943662 0.024479166666666666 0.13849765258215962
1 0.60703125 0.16901408450704225 0.03177083333333333 0.12206572769953052
1 0.6619791666666667 0.17488262910798122 0.03125 0.11737089201877934
1 0.6434895833333333 0.046948356807511735 0.022395833333333334 0.09389671361502347
1 0.5518229166666666 0.08450704225352113 0.025520833333333333 0.11267605633802817
0 0.8083333333333333 0.5099765258215962 0.03854166666666667 0.21009389671361503
0 0.91171875 0.4137323943661972 0.033854166666666664 0.1960093896713615
0 0.7783854166666666 0.06103286384976526 0.018229166666666668 0.11971830985915494
2 0.13984375 0.14553990610328638 0.08489583333333334 0.16666666666666666
4 0.2677083333333333 0.15551643192488263 0.15 0.31103286384976525
