1 0.6734375 0.7071596244131455 0.05416666666666667 0.2734741784037559
1 0.6708333333333333 0.3732394366197183 0.036458333333333336 0.19483568075117372
1 0.6078125 0.33215962441314556 0.034375 0.1596244131455399
1 0.6390625 0.2312206572769953 0.03125 0.14553990610328638
1 0.61875 0.1267605633802817 0.027083333333333334 0.11971830985915494
1 0.5997395833333333 0.08333333333333333 0.025520833333333333 0.11502347417840376
1 0.5575520833333333 0.09448356807511737 0.022395833333333334 0.11619718309859155
1 0.52421875 0.10211267605633803 0.03177083333333333 0.12206572769953052
1 0.8635416666666667 0.5076291079812206 0.04375 0.18661971830985916
1 0.8494791666666667 0.3644366197183099 0.03229166666666666 0.17488262910798122
4 0.3442708333333333 0.3773474178403756 0.20729166666666665 0.6373239436619719
2 0.26536458333333335 0.1625586854460094 0.0703125 0.15610328638497653
2 0.125 0.15551643192488263 0.10104166666666667 0.23826291079812206
0 0.9609375 0.44366197183098594 0.03229166666666666 0.20422535211267606
0 0.7802083333333333 0.16549295774647887 0.020833333333333332 0.13145539906103287
0 0.8005208333333333 0.17312206572769953 0.019791666666666666 0.13028169014084506
0 0.915625 0.36502347417840375 0.028125 0.1807511737089202
