1 0.5802083333333333 0.2681924882629108 0.0375 0.15845070422535212
1 0.66796875 0.27992957746478875 0.03697916666666667 0.16314553990610328
1 0.7416666666666667 0.6584507042253521 0.05 0.2511737089201878
1 0.6856770833333333 0.7001173708920188 0.04635416666666667 0.2359154929577465
1 0.690625 0.8914319248826291 0.05625 0.2147887323943662
1 0.8658854166666666 0.49471830985915494 0.04010416666666666 0.1936619718309859
1 0.8510416666666667 0.3644366197183099 0.03229166666666666 0.16314553990610328
1 0.6106770833333334 0.13732394366197184 0.0234375 0.12910798122065728
1 0.6419270833333334 0.08802816901408451 0.019270833333333334 0.10328638497652583
1 0.5828125 0.07511737089201878 0.020833333333333332 0.10328638497652583
1 0.5552083333333333 0.046948356807511735 0.026041666666666668 0.09389671361502347
0 0.8125 0.4055164319248826 0.034375 0.17018779342723006
0 0.9114583333333334 0.4084507042253521 0.03125 0.18779342723004694
3 0.31979166666666664 0.7723004694835681 0.19791666666666666 0.45305164319248825
