1 0.7872395833333333 0.8122065727699531 0.05677083333333333 0.2863849765258216
1 0.6864583333333333 0.8785211267605634 0.08020833333333333 0.24061032863849766
1 0.696875 0.6267605633802817 0.051041666666666666 0.24413145539906103
1 0.6346354166666667 0.4154929577464789 0.03697916666666667 0.1784037558685446
1 0.5856770833333333 0.33509389671361506 0.0390625 0.16784037558685447
1 0.5497395833333333 0.414906103286385 0.034895833333333334 0.18896713615023475
1 0.6778645833333333 0.3374413145539906 0.03802083333333333 0.16784037558685447
1 0.6328125 0.21889671361502347 0.025 0.1396713615023474
1 0.6067708333333334 0.13673708920187794 0.028125 0.12089201877934272
1 0.5513020833333333 0.12089201877934272 0.0265625 0.13145539906103287
1 0.5692708333333333 0.06807511737089202 0.02395833333333333 0.107981220657277
1 0.6528645833333333 0.056924882629107984 0.027604166666666666 0.10211267605633803
1 0.5947916666666666 0.04812206572769953 0.022916666666666665 0.09624413145539906
1 0.86484375 0.4964788732394366 0.04010416666666666 0.20657276995305165
1 0.85390625 0.36737089201877937 0.03802083333333333 0.16901408450704225
0 0.8161458333333333 0.45774647887323944 0.0375 0.19248826291079812
0 0.9140625 0.3996478873239437 0.029166666666666667 0.18427230046948356
4 0.09921875 0.6050469483568075 0.1984375 0.7875586854460094
