1 0.8645833333333334 0.49413145539906106 0.05 0.20187793427230047
1 0.8536458333333333 0.36795774647887325 0.040625 0.16549295774647887
1 0.7505208333333333 0.6426056338028169 0.05 0.26173708920187794
1 0.6528645833333333 0.70481220657277 0.059895833333333336 0.2687793427230047
1 0.6705729166666666 0.4782863849765258 0.0453125 0.2359154929577465
1 0.61640625 0.30927230046948356 0.028645833333333332 0.15845070422535212
1 0.6645833333333333 0.2658450704225352 0.026041666666666668 0.15375586854460094
1 0.5752604166666666 0.2511737089201878 0.044270833333333336 0.14788732394366197
1 0.53203125 0.29107981220657275 0.033854166666666664 0.1643192488262911
1 0.6265625 0.1643192488262911 0.03125 0.12910798122065728
1 0.5955729166666667 0.0886150234741784 0.022395833333333334 0.11150234741784038
1 0.5489583333333333 0.07629107981220658 0.020833333333333332 0.11502347417840376
0 0.8190104166666666 0.45129107981220656 0.0328125 0.18896713615023475
0 0.9140625 0.4125586854460094 0.026041666666666668 0.20539906103286384
4 0.13125 0.5393192488262911 0.2625 0.9190140845070423
