1 0.7890625 0.8620892018779343 0.04791666666666666 0.25938967136150237
1 0.7140625 0.6971830985915494 0.04583333333333333 0.24647887323943662
1 0.67421875 0.4724178403755869 0.03802083333333333 0.21244131455399062
1 0.5861979166666667 0.42370892018779344 0.033854166666666664 0.17136150234741784
1 0.59375 0.28931924882629106 0.025 0.1467136150234742
1 0.6171875 0.24178403755868544 0.026041666666666668 0.13849765258215962
1 0.6731770833333334 0.22535211267605634 0.0359375 0.1267605633802817
1 0.8638020833333333 0.5035211267605634 0.0359375 0.18544600938967137
1 0.8510416666666667 0.36619718309859156 0.025 0.14553990610328638
1 0.64609375 0.0721830985915493 0.022395833333333334 0.10211267605633803
1 0.6083333333333333 0.15316901408450703 0.030208333333333334 0.1091549295774648
1 0.5578125 0.1267605633802817 0.025 0.11032863849765258
1 0.5432291666666667 0.04812206572769953 0.021875 0.09624413145539906
1 0.5927083333333333 0.05046948356807512 0.019791666666666666 0.10093896713615023
0 0.81328125 0.5299295774647887 0.0359375 0.20539906103286384
0 0.9151041666666666 0.40610328638497656 0.027083333333333334 0.19248826291079812
0 0.7752604166666667 0.06807511737089202 0.019270833333333334 0.12441314553990611
4 0.2359375 0.20539906103286384 0.17604166666666665 0.4107981220657277
2 0.06953125 0.2711267605633803 0.10364583333333333 0.215962441314554
