1 0.5919270833333333 0.6654929577464789 0.043229166666666666 0.24178403755868544
1 0.62890625 0.863849765258216 0.05572916666666666 0.2652582159624413
1 0.7252604166666666 0.7676056338028169 0.0484375 0.2699530516431925
1 0.63359375 0.5780516431924883 0.0421875 0.22417840375586856
1 0.6221354166666666 0.4242957746478873 0.0265625 0.181924882629108
1 0.6588541666666666 0.38204225352112675 0.040625 0.17488262910798122
1 0.8638020833333333 0.49471830985915494 0.03802083333333333 0.18661971830985916
1 0.8507812499999999 0.3544600938967136 0.028645833333333332 0.1572769953051643
1 0.6486979166666667 0.17077464788732394 0.027604166666666666 0.1255868544600939
1 0.5669270833333333 0.1443661971830986 0.024479166666666666 0.11032863849765258
1 0.5950520833333334 0.05751173708920188 0.0203125 0.09859154929577466
0 0.8033854166666666 0.3785211267605634 0.0359375 0.181924882629108
0 0.9122395833333333 0.4119718309859155 0.033854166666666664 0.19953051643192488
3 0.39375 0.4970657276995305 0.15 0.3626760563380282
