1 0.7567708333333333 0.3796948356807512 0.040625 0.19131455399061034
1 0.8643229166666666 0.49413145539906106 0.04114583333333333 0.20422535211267606
1 0.8536458333333333 0.3532863849765258 0.034375 0.14788732394366197
1 0.5244791666666666 0.17136150234741784 0.027083333333333334 0.14553990610328638
1 0.49166666666666664 0.1396713615023474 0.03333333333333333 0.13380281690140847
1 0.66015625 0.12265258215962442 0.0265625 0.11854460093896714
1 0.6151041666666667 0.08333333333333333 0.02395833333333333 0.11267605633802817
0 0.8182291666666667 0.33392018779342725 0.026041666666666668 0.181924882629108
0 0.9096354166666667 0.4072769953051643 0.028645833333333332 0.19483568075117372
2 0.16640625 0.1255868544600939 0.08802083333333333 0.15258215962441316
2 0.048177083333333336 0.357981220657277 0.09635416666666667 0.23943661971830987
3 0.5528645833333333 0.08274647887323944 0.0765625 0.16549295774647887
3 0.5869791666666666 0.3656103286384977 0.17291666666666666 0.426056338028169
