1 0.5723958333333333 0.1965962441314554 0.028125 0.13262910798122066
1 0.6572916666666666 0.2183098591549296 0.03229166666666666 0.1572769953051643
1 0.6955729166666667 0.5 0.0421875 0.19014084507042253
1 0.6453125 0.5316901408450704 0.03958333333333333 0.18544600938967137
1 0.6536458333333334 0.727699530516432 0.042708333333333334 0.2535211267605634
1 0.6078125 0.823943661971831 0.046875 0.24178403755868544
1 0.8677083333333333 0.49237089201877937 0.030208333333333334 0.181924882629108
1 0.8520833333333333 0.3532863849765258 0.03125 0.14788732394366197
1 0.6020833333333333 0.0897887323943662 0.01875 0.1091549295774648
1 0.63515625 0.0534037558685446 0.0203125 0.09507042253521127
1 0.5828125 0.04812206572769953 0.022916666666666665 0.09624413145539906
0 0.8039062499999999 0.3996478873239437 0.0296875 0.18661971830985916
0 0.9158854166666667 0.4125586854460094 0.03177083333333333 0.20305164319248828
3 0.36302083333333335 0.6285211267605634 0.16666666666666666 0.4284037558685446
