1 0.584375 0.4119718309859155 0.04791666666666666 0.2112676056338028
1 0.71171875 0.6255868544600939 0.0453125 0.22300469483568075
1 0.8283854166666667 0.7981220657276995 0.06302083333333333 0.284037558685446
1 0.6580729166666667 0.44659624413145543 0.0390625 0.1983568075117371
1 0.7408854166666666 0.5363849765258216 0.04010416666666666 0.19953051643192488
1 0.8627604166666667 0.49413145539906106 0.04010416666666666 0.19483568075117372
1 0.8515625 0.3597417840375587 0.03958333333333333 0.14906103286384978
1 0.6 0.2517605633802817 0.022916666666666665 0.1443661971830986
1 0.6783854166666666 0.20011737089201878 0.028645833333333332 0.15845070422535212
1 0.5822916666666667 0.15786384976525822 0.030208333333333334 0.13262910798122066
1 0.55859375 0.08744131455399061 0.0234375 0.13028169014084506
1 0.578125 0.0539906103286385 0.026041666666666668 0.107981220657277
0 0.7994791666666666 0.3421361502347418 0.03229166666666666 0.17018779342723006
0 0.9143229166666667 0.4102112676056338 0.028645833333333332 0.19131455399061034
3 0.4661458333333333 0.6003521126760564 0.21979166666666666 0.5622065727699531
3 0.5088541666666666 0.18016431924882628 0.09270833333333334 0.22417840375586856
2 0.178125 0.5070422535211268 0.19270833333333334 0.5633802816901409
