1 0.684375 0.47593896713615025 0.0375 0.2007042253521127
1 0.7971354166666667 0.6185446009389671 0.0546875 0.23708920187793428
1 0.8671875 0.49178403755868544 0.03333333333333333 0.2183098591549296
1 0.85234375 0.36502347417840375 0.033854166666666664 0.1643192488262911
1 0.7106770833333333 0.42370892018779344 0.0359375 0.1971830985915493
1 0.63984375 0.3444835680751174 0.030729166666666665 0.1772300469483568
1 0.6583333333333333 0.2529342723004695 0.03229166666666666 0.16079812206572772
1 0.60546875 0.1983568075117371 0.033854166666666664 0.14553990610328638
1 0.6729166666666666 0.13497652582159625 0.025 0.1267605633802817
0 0.8015625 0.33392018779342725 0.030208333333333334 0.16549295774647887
0 0.9127604166666666 0.4113849765258216 0.025520833333333333 0.1983568075117371
2 0.24505208333333334 0.35387323943661975 0.1578125 0.465962441314554
3 0.5057291666666667 0.5123239436619719 0.209375 0.49178403755868544
3 0.5252604166666667 0.12969483568075119 0.0859375 0.1983568075117371
