1 0.6020833333333333 0.7288732394366197 0.052083333333333336 0.28169014084507044
1 0.6385416666666667 0.4970657276995305 0.052083333333333336 0.21713615023474178
1 0.6479166666666667 0.29284037558685444 0.03125 0.15375586854460094
1 0.5919270833333333 0.22476525821596244 0.03697916666666667 0.14906103286384978
1 0.865625 0.5 0.04375 0.19483568075117372
1 0.8502604166666666 0.35563380281690143 0.03697916666666667 0.1619718309859155
1 0.6252604166666667 0.1619718309859155 0.028645833333333332 0.1267605633802817
1 0.6088541666666667 0.07863849765258216 0.025 0.11032863849765258
1 0.55078125 0.04812206572769953 0.0234375 0.09624413145539906
1 0.5177083333333333 0.051643192488262914 0.025 0.10328638497652583
1 0.5903645833333333 0.04988262910798122 0.0234375 0.09976525821596244
0 0.7776041666666667 0.1637323943661972 0.026041666666666668 0.14906103286384978
0 0.9768229166666667 0.45833333333333337 0.04010416666666666 0.21948356807511737
0 0.915625 0.3609154929577465 0.036458333333333336 0.181924882629108
0 0.79921875 0.16784037558685447 0.024479166666666666 0.13380281690140847
4 0.37421875 0.2693661971830986 0.1609375 0.5387323943661972
2 0.3026041666666667 0.06514084507042253 0.06041666666666667 0.13028169014084506
2 0.18203125 0.08274647887323944 0.08802083333333333 0.16549295774647887
