1 0.5817708333333333 0.5164319248826291 0.0375 0.20422535211267606
1 0.6130208333333333 0.6549295774647887 0.03958333333333333 0.20657276995305165
1 0.7052083333333333 0.7740610328638498 0.05520833333333333 0.2546948356807512
1 0.6966145833333334 0.5803990610328639 0.0359375 0.20539906103286384
1 0.62421875 0.4501173708920188 0.033854166666666664 0.18427230046948356
1 0.8643229166666666 0.4953051643192488 0.0421875 0.19014084507042253
1 0.6026041666666666 0.31690140845070425 0.028125 0.15258215962441316
1 0.63046875 0.2852112676056338 0.0359375 0.15492957746478875
1 0.6440104166666667 0.12617370892018778 0.0265625 0.11854460093896714
1 0.5619791666666667 0.09859154929577466 0.022916666666666665 0.11737089201877934
1 0.8528645833333334 0.3591549295774648 0.03802083333333333 0.16666666666666666
0 0.7986979166666667 0.3755868544600939 0.027604166666666666 0.17605633802816903
0 0.9130208333333333 0.414906103286385 0.028125 0.19131455399061034
3 0.42343749999999997 0.4166666666666667 0.13020833333333334 0.33098591549295775
