1 0.8643229166666666 0.49471830985915494 0.033854166666666664 0.2007042253521127
1 0.8526041666666666 0.357981220657277 0.030208333333333334 0.1619718309859155
1 0.6778645833333333 0.6220657276995305 0.03802083333333333 0.23943661971830987
1 0.62734375 0.7646713615023474 0.0484375 0.2664319248826291
1 0.6127604166666667 0.35093896713615025 0.027604166666666666 0.1619718309859155
1 0.5833333333333334 0.4178403755868545 0.034375 0.1784037558685446
1 0.6057291666666667 0.5123239436619719 0.03125 0.181924882629108
1 0.59375 0.6566901408450705 0.042708333333333334 0.22887323943661972
1 0.5875 0.24530516431924884 0.026041666666666668 0.15023474178403756
1 0.6119791666666666 0.20539906103286384 0.03333333333333333 0.13145539906103287
1 0.640625 0.0897887323943662 0.028125 0.11619718309859155
1 0.5575520833333333 0.06279342723004695 0.022395833333333334 0.1068075117370892
0 0.79375 0.36678403755868544 0.030208333333333334 0.1795774647887324
0 0.9132812499999999 0.4084507042253521 0.028645833333333332 0.19248826291079812
3 0.45026041666666666 0.34330985915492956 0.12447916666666667 0.29694835680751175
3 0.34609375 0.8057511737089202 0.30052083333333335 0.38615023474178406
