1 0.5497395833333333 0.4131455399061033 0.03802083333333333 0.19483568075117372
1 0.5984375 0.4847417840375587 0.036458333333333336 0.2112676056338028
1 0.6640625 0.5487089201877935 0.04583333333333333 0.21009389671361503
1 0.7231770833333333 0.7805164319248826 0.0515625 0.24178403755868544
1 0.7674479166666667 0.6637323943661972 0.04010416666666666 0.25
1 0.8638020833333333 0.49295774647887325 0.03177083333333333 0.18544600938967137
1 0.8468749999999999 0.3615023474178404 0.036458333333333336 0.1619718309859155
1 0.67734375 0.27406103286384975 0.024479166666666666 0.14906103286384978
1 0.6546875 0.3937793427230047 0.036458333333333336 0.1795774647887324
1 0.5997395833333333 0.3198356807511737 0.0328125 0.16314553990610328
1 0.56328125 0.1267605633802817 0.0203125 0.1267605633802817
1 0.5830729166666666 0.09330985915492958 0.028645833333333332 0.11150234741784038
0 0.7971354166666667 0.34976525821596244 0.030729166666666665 0.16901408450704225
0 0.9130208333333333 0.409037558685446 0.03229166666666666 0.20305164319248828
3 0.42343749999999997 0.6801643192488263 0.25 0.573943661971831
3 0.4966145833333333 0.2147887323943662 0.1046875 0.25821596244131456
4 0.16197916666666667 0.3116197183098592 0.22083333333333333 0.4166666666666667
2 0.11197916666666667 0.6660798122065728 0.22395833333333334 0.6654929577464789
