1 0.5026041666666666 0.20129107981220656 0.03125 0.15140845070422534
1 0.6932291666666667 0.33215962441314556 0.036458333333333336 0.16901408450704225
1 0.77421875 0.4818075117370892 0.0390625 0.1983568075117371
1 0.8643229166666666 0.4964788732394366 0.03697916666666667 0.19953051643192488
1 0.8541666666666666 0.35093896713615025 0.042708333333333334 0.17605633802816903
1 0.659375 0.18661971830985916 0.028125 0.12206572769953052
1 0.6140625 0.13262910798122066 0.021875 0.11502347417840376
1 0.653125 0.07863849765258216 0.025 0.11502347417840376
0 0.8104166666666667 0.32629107981220656 0.022916666666666665 0.16666666666666666
0 0.9138020833333333 0.409037558685446 0.03177083333333333 0.21244131455399062
3 0.55234375 0.42136150234741787 0.19427083333333334 0.43896713615023475
3 0.5411458333333333 0.10211267605633803 0.08229166666666667 0.18544600938967137
2 0.29921875 0.2347417840375587 0.12552083333333333 0.3873239436619718
2 0.10130208333333333 0.22887323943661972 0.10572916666666667 0.1807511737089202
