1 0.8153645833333333 0.8532863849765259 0.05260416666666667 0.2887323943661972
1 0.684375 0.7059859154929577 0.04791666666666666 0.25938967136150237
1 0.6109375 0.596830985915493 0.04375 0.24295774647887325
1 0.5671875 0.5193661971830986 0.040625 0.21009389671361503
1 0.66015625 0.482981220657277 0.0421875 0.1983568075117371
1 0.675 0.3568075117370892 0.028125 0.1784037558685446
1 0.5997395833333333 0.397887323943662 0.0296875 0.17136150234741784
1 0.571875 0.17781690140845072 0.027083333333333334 0.13028169014084506
1 0.6356770833333333 0.058098591549295774 0.025520833333333333 0.1091549295774648
1 0.86484375 0.4994131455399061 0.033854166666666664 0.21009389671361503
1 0.8468749999999999 0.3620892018779343 0.04479166666666667 0.15845070422535212
0 0.7919270833333333 0.34976525821596244 0.0296875 0.1596244131455399
0 0.9104166666666667 0.40786384976525825 0.0375 0.1960093896713615
4 0.11875 0.45892018779342725 0.221875 0.5821596244131455
3 0.3875 0.7411971830985916 0.2625 0.5152582159624414
3 0.47291666666666665 0.25938967136150237 0.12083333333333333 0.29107981220657275
