1 0.6421875 0.5134976525821596 0.04583333333333333 0.22183098591549297
1 0.5901041666666667 0.40434272300469487 0.028125 0.20539906103286384
1 0.8682291666666666 0.5005868544600939 0.035416666666666666 0.19131455399061034
1 0.8541666666666666 0.3609154929577465 0.03333333333333333 0.16314553990610328
1 0.6666666666666666 0.8755868544600939 0.05520833333333333 0.24647887323943662
1 0.5315104166666667 0.09272300469483569 0.025520833333333333 0.11032863849765258
1 0.54921875 0.07453051643192489 0.024479166666666666 0.12323943661971831
0 0.8192708333333333 0.3268779342723005 0.027083333333333334 0.1772300469483568
0 0.9125 0.4055164319248826 0.027083333333333334 0.1983568075117371
3 0.6651041666666666 0.2183098591549296 0.13541666666666666 0.32159624413145543
