1 0.7015625 0.761150234741784 0.058333333333333334 0.25938967136150237
1 0.57890625 0.5099765258215962 0.044270833333333336 0.22652582159624413
1 0.62109375 0.36737089201877937 0.03697916666666667 0.19248826291079812
1 0.8645833333333334 0.505868544600939 0.0375 0.215962441314554
1 0.8526041666666666 0.3609154929577465 0.041666666666666664 0.16079812206572772
1 0.6330729166666667 0.22241784037558687 0.028645833333333332 0.15375586854460094
4 0.3888020833333333 0.21185446009389672 0.1421875 0.42370892018779344
1 0.578125 0.1613849765258216 0.03333333333333333 0.1396713615023474
1 0.6192708333333333 0.11208920187793428 0.028125 0.1091549295774648
1 0.6 0.05223004694835681 0.022916666666666665 0.10446009389671362
0 0.9841145833333333 0.471830985915493 0.030729166666666665 0.2136150234741784
0 0.8005208333333333 0.17018779342723006 0.02395833333333333 0.13849765258215962
0 0.7778645833333333 0.16314553990610328 0.025520833333333333 0.13615023474178403
0 0.915625 0.3626760563380282 0.03229166666666666 0.1807511737089202
