1 0.6197916666666666 0.5657276995305165 0.065625 0.255868544600939
1 0.8674479166666667 0.5005868544600939 0.04739583333333333 0.18896713615023475
1 0.8497395833333333 0.36678403755868544 0.050520833333333334 0.17253521126760563
1 0.5236979166666667 0.1596244131455399 0.028645833333333332 0.12206572769953052
1 0.54765625 0.1396713615023474 0.022395833333333334 0.13380281690140847
1 0.5486979166666667 0.05223004694835681 0.0234375 0.10211267605633803
0 0.8156249999999999 0.3045774647887324 0.03229166666666666 0.15610328638497653
0 0.9130208333333333 0.40962441314553993 0.03229166666666666 0.19014084507042253
2 0.30104166666666665 0.5727699530516432 0.16979166666666667 0.5164319248826291
3 0.6919270833333333 0.13849765258215962 0.0953125 0.27699530516431925
4 0.27708333333333335 0.1572769953051643 0.15104166666666666 0.3145539906103286
