1 0.8666666666666667 0.4935446009389671 0.034375 0.20774647887323944
1 0.6690104166666666 0.7365023474178404 0.044270833333333336 0.2805164319248826
1 0.7450520833333333 0.29225352112676056 0.0359375 0.1619718309859155
1 0.8533854166666667 0.3597417840375587 0.0328125 0.15375586854460094
1 0.6596354166666667 0.08744131455399061 0.022395833333333334 0.11384976525821597
1 0.5127604166666666 0.12617370892018778 0.027604166666666666 0.1279342723004695
1 0.49140625 0.09389671361502347 0.0265625 0.12206572769953052
0 0.821875 0.3204225352112676 0.029166666666666667 0.17370892018779344
0 0.9140625 0.414906103286385 0.022916666666666665 0.19131455399061034
3 0.6153645833333333 0.3192488262910798 0.1640625 0.392018779342723
3 0.559375 0.06690140845070423 0.07083333333333333 0.13380281690140847
2 0.35390625 0.1255868544600939 0.08802083333333333 0.2511737089201878
2 0.10338541666666666 0.21889671361502347 0.10677083333333333 0.21009389671361503
2 0.20833333333333334 0.058098591549295774 0.07604166666666666 0.11619718309859155
