1 0.5067708333333333 0.0886150234741784 0.025 0.12089201877934272
1 0.7356770833333334 0.23708920187793428 0.0296875 0.16666666666666666
1 0.85390625 0.3644366197183099 0.034895833333333334 0.16314553990610328
1 0.8653645833333333 0.5011737089201878 0.03697916666666667 0.1971830985915493
1 0.64453125 0.6015258215962441 0.0328125 0.25234741784037557
1 0.73359375 0.8157276995305165 0.057812499999999996 0.3028169014084507
1 0.6591145833333333 0.0534037558685446 0.0234375 0.1068075117370892
0 0.8239583333333333 0.3227699530516432 0.027083333333333334 0.16666666666666666
0 0.9127604166666666 0.4113849765258216 0.03177083333333333 0.19131455399061034
2 0.15677083333333333 0.13615023474178403 0.08645833333333333 0.17136150234741784
2 0.3703125 0.090962441314554 0.08333333333333333 0.181924882629108
3 0.6299479166666666 0.27230046948356806 0.1546875 0.35211267605633806
