1 0.5408854166666667 0.4536384976525822 0.03177083333333333 0.2007042253521127
1 0.5716145833333334 0.40023474178403756 0.033854166666666664 0.18544600938967137
1 0.8677083333333333 0.5005868544600939 0.041666666666666664 0.20539906103286384
1 0.85234375 0.363849765258216 0.0296875 0.1784037558685446
1 0.5619791666666667 0.2517605633802817 0.030208333333333334 0.14906103286384978
1 0.5526041666666667 0.1766431924882629 0.035416666666666666 0.13497652582159625
1 0.5927083333333333 0.04753521126760563 0.025 0.09507042253521127
0 0.8174479166666666 0.32922535211267606 0.03177083333333333 0.181924882629108
0 0.9114583333333334 0.4131455399061033 0.03125 0.20422535211267606
4 0.1359375 0.4823943661971831 0.271875 0.8474178403755869
3 0.6880208333333333 0.15669014084507044 0.11145833333333333 0.2946009389671362
