1 0.56171875 0.5886150234741784 0.04114583333333333 0.20305164319248828
1 0.5947916666666666 0.5352112676056339 0.03958333333333333 0.23708920187793428
1 0.5817708333333333 0.33509389671361506 0.035416666666666666 0.18896713615023475
1 0.5609375 0.23884976525821597 0.03333333333333333 0.15610328638497653
1 0.8671875 0.5011737089201878 0.04791666666666666 0.18309859154929578
1 0.8518229166666667 0.3644366197183099 0.0359375 0.17488262910798122
1 0.61015625 0.06631455399061033 0.0265625 0.11150234741784038
1 0.5184895833333333 0.0534037558685446 0.0203125 0.1068075117370892
0 0.8156249999999999 0.33685446009389675 0.028125 0.19483568075117372
0 0.9122395833333333 0.41431924882629106 0.03697916666666667 0.19953051643192488
3 0.6802083333333333 0.16901408450704225 0.11458333333333333 0.2863849765258216
3 0.15520833333333334 0.12147887323943662 0.165625 0.24295774647887325
4 0.12890625 0.573943661971831 0.2578125 0.8497652582159625
