1 0.5911458333333334 0.7652582159624414 0.040625 0.2863849765258216
1 0.6276041666666666 0.6772300469483569 0.03854166666666667 0.27230046948356806
1 0.6080729166666666 0.4119718309859155 0.04114583333333333 0.19953051643192488
1 0.56640625 0.3116197183098592 0.04010416666666666 0.19131455399061034
1 0.8653645833333333 0.49237089201877937 0.04010416666666666 0.19131455399061034
1 0.8536458333333333 0.36326291079812206 0.040625 0.1772300469483568
1 0.5197916666666667 0.07042253521126761 0.026041666666666668 0.11502347417840376
0 0.8205729166666667 0.3251173708920188 0.0359375 0.17370892018779344
0 0.91171875 0.4072769953051643 0.033854166666666664 0.19483568075117372
3 0.09505208333333333 0.18661971830985916 0.19010416666666666 0.3732394366197183
3 0.6739583333333333 0.1983568075117371 0.11458333333333333 0.3075117370892019
