1 0.5447916666666667 0.12441314553990611 0.02395833333333333 0.12910798122065728
1 0.56875 0.09330985915492958 0.025 0.12323943661971831
1 0.5119791666666667 0.0545774647887324 0.028125 0.1091549295774648
1 0.7283854166666667 0.18720657276995306 0.0265625 0.15610328638497653
1 0.6174479166666667 0.49589201877934275 0.03802083333333333 0.22417840375586856
1 0.6848958333333334 0.6437793427230047 0.051041666666666666 0.2664319248826291
1 0.8638020833333333 0.4964788732394366 0.04010416666666666 0.19248826291079812
1 0.853125 0.3532863849765258 0.035416666666666666 0.1619718309859155
0 0.8213541666666666 0.32805164319248825 0.03125 0.17488262910798122
0 0.9135416666666667 0.4184272300469484 0.028125 0.1936619718309859
2 0.19166666666666665 0.0715962441314554 0.07395833333333333 0.13380281690140847
3 0.6479166666666667 0.2564553990610329 0.146875 0.35093896713615025
