1 0.6684895833333333 0.8333333333333334 0.057812499999999996 0.29577464788732394
1 0.8661458333333333 0.5005868544600939 0.03333333333333333 0.1983568075117371
1 0.8520833333333333 0.35563380281690143 0.0375 0.17605633802816903
1 0.5268229166666667 0.24178403755868544 0.0234375 0.14788732394366197
1 0.5520833333333334 0.20539906103286384 0.030208333333333334 0.15023474178403756
1 0.5567708333333333 0.11619718309859155 0.029166666666666667 0.11267605633802817
1 0.5361979166666666 0.058098591549295774 0.027604166666666666 0.11619718309859155
0 0.8119791666666667 0.3245305164319249 0.03854166666666667 0.17018779342723006
0 0.91484375 0.4131455399061033 0.033854166666666664 0.20187793427230047
4 0.24609375 0.22593896713615025 0.18072916666666666 0.4518779342723005
3 0.6802083333333333 0.1437793427230047 0.109375 0.2875586854460094
2 0.21979166666666666 0.7834507042253521 0.2604166666666667 0.4307511737089202
