1 0.5333333333333333 0.33392018779342725 0.03333333333333333 0.17018779342723006
1 0.5604166666666667 0.29636150234741787 0.03229166666666666 0.16549295774647887
1 0.5583333333333333 0.18485915492957747 0.030208333333333334 0.13497652582159625
1 0.546875 0.11267605633802817 0.03125 0.12910798122065728
1 0.86953125 0.4953051643192488 0.044270833333333336 0.20187793427230047
1 0.85390625 0.3568075117370892 0.04010416666666666 0.1784037558685446
0 0.8127604166666667 0.31338028169014087 0.028645833333333332 0.15023474178403756
0 0.91640625 0.409037558685446 0.0265625 0.1936619718309859
3 0.6880208333333333 0.1473004694835681 0.103125 0.2946009389671362
4 0.19322916666666667 0.3315727699530516 0.24270833333333333 0.6631455399061033
