1 0.68203125 0.8650234741784038 0.06927083333333334 0.26760563380281693
1 0.7424479166666667 0.6942488262910799 0.05364583333333333 0.2711267605633803
1 0.6856770833333333 0.5498826291079812 0.0421875 0.22652582159624413
1 0.63359375 0.45305164319248825 0.04114583333333333 0.22065727699530516
1 0.5924479166666666 0.3380281690140845 0.0328125 0.15492957746478875
1 0.5716145833333334 0.20305164319248828 0.03697916666666667 0.1431924882629108
1 0.8674479166666667 0.5046948356807511 0.0359375 0.19953051643192488
1 0.8520833333333333 0.363849765258216 0.0375 0.16666666666666666
0 0.8203125 0.2681924882629108 0.030208333333333334 0.1467136150234742
0 0.9114583333333334 0.4113849765258216 0.028125 0.2007042253521127
4 0.18333333333333332 0.35387323943661975 0.175 0.40023474178403756
2 0.21848958333333332 0.06396713615023475 0.07552083333333333 0.1279342723004695
4 0.3377604166666667 0.5352112676056339 0.2484375 0.8802816901408451
