1 0.5861979166666667 0.39906103286384975 0.03802083333333333 0.20187793427230047
1 0.64921875 0.3550469483568075 0.03177083333333333 0.16784037558685447
1 0.6317708333333333 0.28931924882629106 0.03125 0.15375586854460094
1 0.8661458333333333 0.5 0.04895833333333333 0.17605633802816903
1 0.85234375 0.3597417840375587 0.033854166666666664 0.16549295774647887
1 0.5572916666666666 0.09213615023474178 0.02395833333333333 0.13028169014084506
1 0.5854166666666667 0.20715962441314553 0.034375 0.15140845070422534
0 0.82109375 0.2681924882629108 0.024479166666666666 0.142018779342723
0 0.9151041666666666 0.41431924882629106 0.027083333333333334 0.19483568075117372
4 0.25755208333333335 0.14964788732394366 0.12135416666666667 0.2875586854460094
4 0.3924479166666667 0.2711267605633803 0.1609375 0.5422535211267606
