1 0.68203125 0.7294600938967136 0.04635416666666667 0.2687793427230047
1 0.565625 0.24002347417840375 0.034375 0.16079812206572772
1 0.6244791666666667 0.2359154929577465 0.026041666666666668 0.14788732394366197
1 0.8645833333333334 0.49237089201877937 0.03854166666666667 0.20539906103286384
1 0.8559895833333333 0.3568075117370892 0.03802083333333333 0.1643192488262911
1 0.5854166666666667 0.1449530516431925 0.028125 0.13497652582159625
1 0.55546875 0.05046948356807512 0.025520833333333333 0.10093896713615023
0 0.8192708333333333 0.2717136150234742 0.028125 0.15375586854460094
0 0.91171875 0.4107981220657277 0.03177083333333333 0.20187793427230047
4 0.40963541666666664 0.1971830985915493 0.1390625 0.3943661971830986
4 0.2877604166666667 0.09917840375586855 0.10052083333333334 0.1983568075117371
2 0.078125 0.306924882629108 0.128125 0.20539906103286384
