1 0.6638020833333333 0.5440140845070423 0.0453125 0.22183098591549297
1 0.5546875 0.3251173708920188 0.03333333333333333 0.17370892018779344
1 0.6002604166666666 0.24178403755868544 0.0265625 0.15023474178403756
1 0.621875 0.15082159624413147 0.020833333333333332 0.13028169014084506
1 0.5671875 0.09213615023474178 0.026041666666666668 0.11384976525821597
1 0.6057291666666667 0.06279342723004695 0.01875 0.1068075117370892
1 0.8624999999999999 0.5035211267605634 0.034375 0.18544600938967137
1 0.8471354166666667 0.36795774647887325 0.0359375 0.16079812206572772
0 0.9143229166666667 0.36971830985915494 0.0296875 0.1971830985915493
0 0.7794270833333333 0.1602112676056338 0.0234375 0.14906103286384978
0 0.79921875 0.17370892018779344 0.0203125 0.13380281690140847
4 0.40260416666666665 0.1596244131455399 0.12395833333333334 0.3192488262910798
