1 0.603125 0.45833333333333337 0.040625 0.2007042253521127
1 0.6614583333333334 0.6766431924882629 0.04583333333333333 0.26173708920187794
1 0.7440104166666667 0.8227699530516432 0.04739583333333333 0.2793427230046948
1 0.58671875 0.2934272300469484 0.0359375 0.1784037558685446
1 0.8643229166666666 0.5023474178403756 0.034895833333333334 0.20187793427230047
1 0.85234375 0.3591549295774648 0.030729166666666665 0.1596244131455399
1 0.5588541666666667 0.04518779342723005 0.02395833333333333 0.0903755868544601
0 0.8208333333333333 0.2805164319248826 0.026041666666666668 0.1643192488262911
0 0.9145833333333333 0.4113849765258216 0.029166666666666667 0.19131455399061034
4 0.1203125 0.5311032863849765 0.21145833333333333 0.5011737089201878
4 0.31640625 0.6015258215962441 0.2921875 0.7946009389671361
2 0.17734375 0.1619718309859155 0.08177083333333333 0.1619718309859155
3 0.6799479166666667 0.08157276995305164 0.10677083333333333 0.16314553990610328
