1 0.64296875 0.8286384976525821 0.05677083333333333 0.3192488262910798
1 0.628125 0.5181924882629108 0.06145833333333333 0.21713615023474178
1 0.8624999999999999 0.49765258215962443 0.042708333333333334 0.20657276995305165
1 0.8518229166666667 0.36502347417840375 0.0359375 0.15492957746478875
1 0.5635416666666666 0.1402582159624413 0.029166666666666667 0.1443661971830986
0 0.8184895833333333 0.2764084507042254 0.022395833333333334 0.13028169014084506
0 0.9122395833333333 0.40669014084507044 0.0265625 0.181924882629108
3 0.6940104166666666 0.09917840375586855 0.08697916666666666 0.1983568075117371
2 0.40130208333333334 0.10856807511737089 0.08697916666666666 0.21713615023474178
2 0.04609375 0.4653755868544601 0.0921875 0.2687793427230047
