1 0.60625 0.38615023474178406 0.04583333333333333 0.20187793427230047
1 0.61796875 0.5915492957746479 0.043229166666666666 0.2323943661971831
1 0.8619791666666666 0.4970657276995305 0.042708333333333334 0.2007042253521127
1 0.8559895833333333 0.3562206572769953 0.03802083333333333 0.16314553990610328
1 0.56328125 0.07629107981220658 0.025520833333333333 0.13615023474178403
0 0.8182291666666667 0.272887323943662 0.026041666666666668 0.142018779342723
0 0.9093749999999999 0.4196009389671362 0.027083333333333334 0.2007042253521127
2 0.12057291666666667 0.27230046948356806 0.11614583333333334 0.20187793427230047
3 0.6838541666666667 0.0903755868544601 0.09375 0.1807511737089202
4 0.08333333333333333 0.7206572769953051 0.16666666666666666 0.5563380281690141
