1 0.6190104166666667 0.5674882629107981 0.0515625 0.21244131455399062
1 0.684375 0.4847417840375587 0.03854166666666667 0.22300469483568075
1 0.6518229166666667 0.3943661971830986 0.03802083333333333 0.19248826291079812
1 0.6263020833333334 0.323943661971831 0.03802083333333333 0.1807511737089202
1 0.5890625 0.2605633802816901 0.036458333333333336 0.15023474178403756
1 0.5661458333333333 0.13908450704225353 0.0375 0.15845070422535212
1 0.8653645833333333 0.49589201877934275 0.04114583333333333 0.1983568075117371
1 0.84921875 0.3609154929577465 0.0328125 0.15610328638497653
0 0.8171875 0.27699530516431925 0.03229166666666666 0.16901408450704225
0 0.915625 0.414906103286385 0.026041666666666668 0.2007042253521127
4 0.3703125 0.37265258215962443 0.19166666666666665 0.7429577464788732
4 0.23151041666666666 0.23708920187793428 0.13489583333333333 0.33568075117370894
